1;arms_factory;228.00;10.18;1973.00;2.05;0
1;arms_factory;272.00;10.20;1974.00;6.18;0
1;arms_factory;319.00;10.38;1995.00;2.56;0
1;arms_factory;352.00;10.63;2008.00;4.12;0
1;arms_factory;330.00;10.60;2009.00;0.50;0
1;arms_factory;353.00;11.10;2024.00;4.62;0
1;industrial_complex;367.00;10.85;2042.00;5.83;0
1;industrial_complex;343.00;10.30;2037.00;2.56;0
1;industrial_complex;234.00;10.20;1969.00;5.23;0
1;industrial_complex;310.00;10.50;1992.00;1.61;0
1;industrial_complex;260.00;10.23;1981.00;4.28;0
1;industrial_complex;365.00;10.40;2006.00;1.01;0
1;air_base;266.00;10.25;2022.00;5.13;0
1;naval_base;184.00;9.50;2037.00;-1.73;8662
1;bunker;356.00;10.90;2035.00;4.18;0
1;coastal_bunker;225.00;9.50;1950.00;-0.86;0
1;dockyard;201.00;9.50;2030.00;-1.69;0
1;anti_air_building;257.00;10.20;1976.00;4.79;0
1;anti_air_building;298.00;10.30;2004.00;1.52;0
1;anti_air_building;294.00;10.55;2019.00;2.73;0
1;synthetic_refinery;313.00;10.30;2010.00;0.57;0
1;radar_station;336.00;10.30;2033.00;3.24;0
1;rocket_site;264.00;9.90;2043.00;4.79;0
1;nuclear_reactor;366.00;10.75;2043.00;2.63;0
2;arms_factory;352.00;10.40;1963.00;2.56;0
2;arms_factory;311.00;10.53;1950.00;4.12;0
2;arms_factory;281.00;10.20;1949.00;0.50;0
2;arms_factory;382.00;10.45;2028.00;4.62;0
2;arms_factory;306.00;10.40;1984.00;5.83;0
2;arms_factory;377.00;10.85;1987.00;2.56;0
2;industrial_complex;298.00;10.55;1970.00;5.23;0
2;industrial_complex;361.00;10.40;1956.00;1.61;0
2;industrial_complex;293.00;10.45;1960.00;4.28;0
2;industrial_complex;274.00;9.70;1941.00;1.01;0
2;industrial_complex;371.00;10.40;2004.00;5.13;0
2;industrial_complex;332.00;11.30;1977.00;0.06;0
2;air_base;342.00;10.63;1980.00;4.18;0
2;naval_base;307.00;9.50;1929.00;-0.69;8739
2;bunker;345.00;10.30;1949.00;2.12;0
2;coastal_bunker;332.00;9.50;1935.00;-0.16;0
2;dockyard;335.00;9.50;1931.00;-0.16;0
2;anti_air_building;362.00;10.53;1988.00;2.73;0
2;anti_air_building;374.00;10.60;1993.00;0.57;0
2;anti_air_building;288.00;10.30;1974.00;3.24;0
2;synthetic_refinery;356.00;10.40;1960.00;4.79;0
2;radar_station;337.00;10.50;1959.00;2.63;0
2;rocket_site;335.00;10.20;1945.00;5.30;0
2;nuclear_reactor;396.00;11.60;2017.00;1.68;0
3;arms_factory;364.00;9.75;1921.00;0.50;0
3;arms_factory;376.00;10.60;1926.00;4.62;0
3;arms_factory;378.00;10.07;1956.00;5.83;0
3;arms_factory;399.00;11.25;1966.00;2.56;0
3;arms_factory;370.00;9.90;1922.00;5.23;0
3;arms_factory;381.00;10.63;1927.00;1.61;0
3;industrial_complex;379.00;10.03;1935.00;4.28;0
3;industrial_complex;386.00;10.80;1968.00;1.01;0
3;industrial_complex;341.00;10.53;1892.00;5.13;0
3;industrial_complex;385.00;10.60;1928.00;0.06;0
3;industrial_complex;378.00;10.07;1936.00;4.18;0
3;industrial_complex;378.00;10.10;1942.00;5.74;0
3;air_base;338.00;10.15;1894.00;2.12;0
3;naval_base;416.00;9.50;1959.00;-4.30;3253
3;bunker;379.00;10.10;1937.00;1.52;0
3;coastal_bunker;376.00;9.50;1908.00;0.17;0
3;dockyard;401.00;9.50;1923.00;0.17;0
3;anti_air_building;367.00;9.95;1911.00;3.24;0
3;anti_air_building;393.00;9.60;1917.00;4.79;0
3;anti_air_building;387.00;10.00;1949.00;2.63;0
3;synthetic_refinery;385.00;9.78;1956.00;5.30;0
3;radar_station;412.00;11.25;1962.00;1.68;0
3;rocket_site;376.00;10.40;1922.00;3.24;0
3;nuclear_reactor;388.00;11.35;1927.00;1.08;0
4;arms_factory;247.00;9.70;1842.00;5.83;0
4;arms_factory;298.00;9.60;1852.00;2.56;0
4;arms_factory;329.00;9.93;1883.00;5.23;0
4;arms_factory;303.00;9.68;1869.00;1.61;0
4;arms_factory;324.00;9.75;1871.00;4.28;0
4;arms_factory;293.00;9.70;1862.00;1.01;0
4;industrial_complex;329.00;9.98;1881.00;5.13;0
4;industrial_complex;308.00;9.73;1874.00;0.06;0
4;industrial_complex;311.00;9.70;1877.00;4.18;0
4;industrial_complex;282.00;9.73;1861.00;5.74;0
4;industrial_complex;254.00;9.70;1842.00;2.12;0
4;industrial_complex;277.00;9.68;1853.00;4.79;0
4;air_base;327.00;9.70;1884.00;1.52;0
4;naval_base;284.00;9.60;1866.00;-1.02;8409
4;bunker;306.00;9.73;1872.00;0.57;0
4;coastal_bunker;303.00;9.57;1872.00;-3.99;0
4;dockyard;286.00;9.50;1855.00;-1.02;0
4;anti_air_building;287.00;9.50;1856.00;2.63;0
4;anti_air_building;318.00;11.03;1877.00;5.30;0
4;anti_air_building;295.00;9.70;1861.00;1.68;0
4;synthetic_refinery;313.00;10.53;1873.00;3.24;0
4;radar_station;274.00;9.70;1854.00;1.08;0
4;rocket_site;327.00;9.70;1885.00;3.74;0
4;nuclear_reactor;251.00;9.70;1841.00;0.13;0
5;arms_factory;88.00;9.53;1787.00;5.23;0
5;arms_factory;83.00;9.50;1784.00;1.61;0
5;arms_factory;48.00;9.60;1776.00;4.28;0
5;arms_factory;48.00;9.60;1776.00;1.01;0
5;arms_factory;48.00;9.60;1776.00;5.13;0
5;arms_factory;48.00;9.60;1776.00;0.06;0
5;industrial_complex;46.00;9.53;1775.00;4.18;0
5;industrial_complex;88.00;9.60;1788.00;5.74;0
5;industrial_complex;46.00;9.53;1775.00;2.12;0
5;industrial_complex;88.00;9.53;1787.00;4.79;0
5;industrial_complex;88.00;9.53;1787.00;1.52;0
5;industrial_complex;83.00;9.50;1784.00;2.73;0
5;air_base;49.00;9.55;1776.00;0.57;0
5;naval_base;47.00;9.50;1774.00;-1.25;2771
5;bunker;48.00;9.60;1776.00;4.79;0
5;coastal_bunker;54.00;9.50;1778.00;-1.25;0
5;dockyard;30.00;9.50;1775.00;-1.47;0
5;anti_air_building;46.00;9.53;1775.00;1.68;0
5;anti_air_building;88.00;9.60;1788.00;3.24;0
5;anti_air_building;88.00;9.60;1788.00;1.08;0
5;synthetic_refinery;88.00;9.60;1788.00;3.74;0
5;radar_station;83.00;9.50;1784.00;0.13;0
5;rocket_site;49.00;9.55;1776.00;1.68;0
5;nuclear_reactor;83.00;9.50;1784.00;5.81;0
6;arms_factory;184.00;9.70;1813.00;4.28;0
6;arms_factory;201.00;9.68;1822.00;1.01;0
6;arms_factory;174.00;9.68;1804.00;5.13;0
6;arms_factory;184.00;9.70;1813.00;0.06;0
6;arms_factory;203.00;9.70;1822.00;4.18;0
6;arms_factory;173.00;9.55;1805.00;5.74;0
6;industrial_complex;201.00;9.60;1814.00;2.12;0
6;industrial_complex;204.00;9.68;1823.00;4.79;0
6;industrial_complex;183.00;9.70;1812.00;1.52;0
6;industrial_complex;202.00;9.65;1814.00;2.73;0
6;industrial_complex;217.00;9.55;1827.00;0.57;0
6;industrial_complex;185.00;9.60;1812.00;3.24;0
6;air_base;200.00;9.60;1815.00;4.79;0
6;naval_base;204.00;9.50;1813.00;1.57;8304
6;bunker;183.00;9.70;1813.00;5.30;0
6;coastal_bunker;205.00;9.50;1824.00;1.57;0
6;dockyard;199.00;9.50;1813.00;1.57;0
6;anti_air_building;200.00;9.53;1814.00;1.08;0
6;anti_air_building;202.00;9.70;1822.00;3.74;0
6;anti_air_building;182.00;9.70;1812.00;0.13;0
6;synthetic_refinery;201.00;9.60;1814.00;1.68;0
6;radar_station;204.00;9.70;1822.00;5.81;0
6;rocket_site;184.00;9.68;1812.00;0.74;0
6;nuclear_reactor;201.00;9.55;1821.00;3.75;0
7;arms_factory;420.00;9.53;1900.00;5.13;0
7;arms_factory;416.00;10.03;1902.00;0.06;0
7;arms_factory;400.00;9.93;1902.00;4.18;0
7;arms_factory;402.00;9.95;1899.00;5.74;0
7;arms_factory;410.00;10.05;1901.00;2.12;0
7;arms_factory;394.00;9.70;1901.00;4.79;0
7;industrial_complex;420.00;9.70;1902.00;1.52;0
7;industrial_complex;398.00;9.73;1900.00;2.73;0
7;industrial_complex;410.00;9.93;1899.00;0.57;0
7;industrial_complex;414.00;10.32;1901.00;3.24;0
7;industrial_complex;412.00;9.75;1898.00;4.79;0
7;industrial_complex;399.00;9.73;1903.00;2.63;0
7;air_base;403.00;9.82;1900.00;5.30;0
7;naval_base;398.00;9.50;1894.00;-1.71;8538
7;bunker;418.00;9.55;1901.00;3.24;0
7;coastal_bunker;393.00;9.57;1902.00;-1.71;0
7;dockyard;413.00;9.50;1893.00;0.95;0
7;anti_air_building;410.00;10.00;1900.00;0.13;0
7;anti_air_building;404.00;9.75;1897.00;1.68;0
7;anti_air_building;413.00;9.88;1899.00;5.81;0
7;synthetic_refinery;398.00;9.70;1899.00;0.74;0
7;radar_station;401.00;10.00;1901.00;3.75;0
7;rocket_site;403.00;9.85;1898.00;0.13;0
7;nuclear_reactor;409.00;9.73;1897.00;2.80;0
8;arms_factory;514.00;11.07;1990.00;4.18;0
8;arms_factory;456.00;9.73;2003.00;5.74;0
8;arms_factory;455.00;10.43;2009.00;2.12;0
8;arms_factory;506.00;9.73;1988.00;4.79;0
8;arms_factory;500.00;10.20;1992.00;1.52;0
8;arms_factory;463.00;9.70;2005.00;2.73;0
8;industrial_complex;481.00;9.60;1984.00;0.57;0
8;industrial_complex;509.00;11.80;1990.00;3.24;0
8;industrial_complex;451.00;10.07;2003.00;4.79;0
8;industrial_complex;464.00;9.68;1996.00;2.63;0
8;industrial_complex;487.00;11.93;1988.00;5.30;0
8;industrial_complex;469.00;9.73;2001.00;1.68;0
8;air_base;505.00;12.88;1994.00;3.24;0
8;naval_base;466.00;9.65;1995.00;-1.04;3253
8;bunker;501.00;9.55;1990.00;3.74;0
8;coastal_bunker;468.00;9.50;1996.00;-1.04;0
8;dockyard;504.00;9.50;1985.00;1.12;0
8;anti_air_building;482.00;12.00;1988.00;5.81;0
8;anti_air_building;487.00;11.98;1991.00;0.74;0
8;anti_air_building;500.00;12.90;1994.00;3.75;0
8;synthetic_refinery;482.00;9.75;1983.00;0.13;0
8;radar_station;482.00;12.55;1989.00;2.80;0
8;rocket_site;459.00;9.55;1993.00;0.63;0
8;nuclear_reactor;455.00;9.90;2006.00;2.19;0
9;arms_factory;647.00;9.78;1945.00;2.12;0
9;arms_factory;649.00;10.90;1947.00;4.79;0
9;arms_factory;621.00;9.68;1958.00;1.52;0
9;arms_factory;640.00;9.70;1946.00;2.73;0
9;arms_factory;640.00;9.80;1948.00;0.57;0
9;arms_factory;620.00;9.70;1959.00;3.24;0
9;industrial_complex;652.00;11.32;1946.00;4.79;0
9;industrial_complex;643.00;9.60;1944.00;2.63;0
9;industrial_complex;619.00;9.85;1960.00;5.30;0
9;industrial_complex;645.00;10.50;1947.00;1.68;0
9;industrial_complex;654.00;11.88;1944.00;3.24;0
9;industrial_complex;619.00;10.10;1961.00;1.08;0
9;air_base;654.00;11.00;1942.00;3.74;0
9;naval_base;627.00;9.50;1961.00;-1.37;4049
9;bunker;616.00;10.48;1962.00;1.68;0
9;coastal_bunker;629.00;9.53;1953.00;-1.37;0
9;dockyard;633.00;9.50;1959.00;-1.37;0
9;anti_air_building;636.00;9.95;1956.00;3.75;0
9;anti_air_building;650.00;9.98;1944.00;0.13;0
9;anti_air_building;636.00;9.60;1947.00;2.80;0
9;synthetic_refinery;629.00;9.53;1957.00;0.63;0
9;radar_station;645.00;9.70;1945.00;2.19;0
9;rocket_site;652.00;9.78;1941.00;4.86;0
9;nuclear_reactor;620.00;9.70;1958.00;1.24;0
10;arms_factory;710.00;10.32;1905.00;1.52;0
10;arms_factory;685.00;11.13;1941.00;2.73;0
10;arms_factory;694.00;9.53;1924.00;0.57;0
10;arms_factory;712.00;10.13;1901.00;3.24;0
10;arms_factory;700.00;10.10;1938.00;4.79;0
10;arms_factory;721.00;9.70;1915.00;2.63;0
10;industrial_complex;710.00;9.98;1896.00;5.30;0
10;industrial_complex;680.00;9.80;1936.00;1.68;0
10;industrial_complex;685.00;9.90;1911.00;3.24;0
10;industrial_complex;701.00;9.55;1886.00;1.08;0
10;industrial_complex;688.00;10.00;1932.00;3.74;0
10;industrial_complex;735.00;12.68;1907.00;0.13;0
10;air_base;698.00;10.73;1944.00;1.68;0
10;naval_base;687.00;9.70;1909.00;-0.17;2970
10;bunker;687.00;9.63;1904.00;0.74;0
10;coastal_bunker;701.00;9.50;1879.00;-0.17;0
10;dockyard;691.00;10.18;1942.00;-0.17;0
10;anti_air_building;732.00;10.55;1899.00;2.80;0
10;anti_air_building;704.00;10.98;1936.00;0.63;0
10;anti_air_building;712.00;9.90;1924.00;2.19;0
10;synthetic_refinery;702.00;9.82;1888.00;4.86;0
10;radar_station;662.00;11.43;1934.00;1.24;0
10;rocket_site;681.00;9.68;1916.00;5.37;0
10;nuclear_reactor;687.00;12.07;1946.00;5.47;0
11;arms_factory;757.00;10.00;1872.00;0.57;0
11;arms_factory;737.00;10.07;1854.00;3.24;0
11;arms_factory;732.00;9.65;1877.00;4.79;0
11;arms_factory;767.00;10.38;1859.00;2.63;0
11;arms_factory;721.00;9.95;1886.00;5.30;0
11;arms_factory;746.00;9.60;1866.00;1.68;0
11;industrial_complex;717.00;9.55;1892.00;3.24;0
11;industrial_complex;754.00;9.78;1871.00;1.08;0
11;industrial_complex;739.00;10.10;1851.00;3.74;0
11;industrial_complex;733.00;9.57;1876.00;0.13;0
11;industrial_complex;732.00;10.48;1862.00;1.68;0
11;industrial_complex;725.00;10.57;1884.00;5.81;0
11;air_base;731.00;9.75;1866.00;0.74;0
11;naval_base;714.00;10.18;1888.00;-1.71;2970
11;bunker;749.00;9.95;1870.00;0.13;0
11;coastal_bunker;731.00;9.55;1894.00;-1.71;0
11;dockyard;745.00;10.28;1847.00;-0.17;0
11;anti_air_building;731.00;10.18;1861.00;2.19;0
11;anti_air_building;711.00;9.88;1884.00;4.86;0
11;anti_air_building;755.00;9.70;1864.00;1.24;0
11;synthetic_refinery;729.00;9.70;1888.00;5.37;0
11;radar_station;768.00;11.18;1869.00;5.47;0
11;rocket_site;768.00;10.07;1855.00;3.30;0
11;nuclear_reactor;767.00;11.28;1872.00;5.97;0
12;arms_factory;551.00;9.60;1968.00;4.79;0
12;arms_factory;552.00;12.23;1994.00;2.63;0
12;arms_factory;565.00;11.75;1996.00;5.30;0
12;arms_factory;578.00;12.70;1998.00;1.68;0
12;arms_factory;577.00;12.75;1981.00;3.24;0
12;arms_factory;519.00;9.68;1984.00;1.08;0
12;industrial_complex;558.00;10.05;1972.00;3.74;0
12;industrial_complex;606.00;9.78;1962.00;0.13;0
12;industrial_complex;561.00;9.73;1968.00;1.68;0
12;industrial_complex;574.00;14.53;2001.00;5.81;0
12;industrial_complex;575.00;11.73;1996.00;0.74;0
12;industrial_complex;595.00;13.30;1986.00;3.75;0
12;air_base;542.00;12.35;1989.00;0.13;0
12;naval_base;546.00;9.50;1978.00;-1.24;3002
12;bunker;568.00;10.82;1972.00;0.63;0
12;coastal_bunker;537.00;9.50;1971.00;-1.24;0
12;dockyard;525.00;9.50;1972.00;-1.24;0
12;anti_air_building;584.00;13.53;2001.00;1.24;0
12;anti_air_building;530.00;13.10;1992.00;5.37;0
12;anti_air_building;525.00;9.78;1987.00;5.47;0
12;synthetic_refinery;553.00;12.05;1989.00;3.30;0
12;radar_station;533.00;9.63;1979.00;5.97;0
12;rocket_site;578.00;11.55;1972.00;3.81;0
12;nuclear_reactor;568.00;15.68;2005.00;3.91;0
13;arms_factory;600.00;12.28;2040.00;5.30;0
13;arms_factory;603.00;12.28;2043.00;1.68;0
13;arms_factory;436.00;11.60;2038.00;3.24;0
13;arms_factory;442.00;11.53;2041.00;1.08;0
13;arms_factory;533.00;12.30;2027.00;3.74;0
13;arms_factory;482.00;13.00;2038.00;0.13;0
13;industrial_complex;487.00;12.82;2041.00;1.68;0
13;industrial_complex;579.00;12.55;2027.00;5.81;0
13;industrial_complex;528.00;13.23;2038.00;0.74;0
13;industrial_complex;604.00;11.55;2024.00;3.75;0
13;industrial_complex;424.00;12.28;2028.00;0.13;0
13;industrial_complex;574.00;11.75;2038.00;2.80;0
13;air_base;451.00;12.82;2025.00;0.63;0
13;bunker;470.00;11.60;2028.00;2.19;0
13;anti_air_building;475.00;12.18;2022.00;4.86;0
13;anti_air_building;497.00;12.70;2025.00;1.24;0
13;anti_air_building;500.00;12.55;2006.00;5.37;0
13;synthetic_refinery;521.00;12.07;2022.00;5.47;0
13;radar_station;543.00;11.90;2025.00;3.30;0
13;rocket_site;485.00;13.55;2007.00;5.97;0
13;nuclear_reactor;567.00;12.32;2022.00;3.81;0
14;arms_factory;412.00;12.95;1980.00;3.24;0
14;arms_factory;424.00;13.78;1987.00;1.08;0
14;arms_factory;403.00;13.78;2001.00;3.74;0
14;arms_factory;417.00;13.00;2011.00;0.13;0
14;arms_factory;423.00;11.85;1974.00;1.68;0
14;arms_factory;434.00;10.55;1988.00;5.81;0
14;industrial_complex;415.00;13.88;1998.00;0.74;0
14;industrial_complex;401.00;13.13;2013.00;3.75;0
14;industrial_complex;419.00;12.10;1976.00;0.13;0
14;industrial_complex;416.00;12.95;1986.00;2.80;0
14;industrial_complex;428.00;15.32;1999.00;0.63;0
14;industrial_complex;432.00;11.98;2007.00;2.19;0
14;air_base;414.00;12.68;1980.00;4.86;0
14;naval_base;425.00;9.50;1968.00;0.61;3253
14;bunker;405.00;14.03;2001.00;5.37;0
14;coastal_bunker;428.00;9.90;1974.00;0.61;0
14;dockyard;435.00;9.53;1980.00;0.61;0
14;anti_air_building;436.00;10.05;1988.00;5.97;0
14;anti_air_building;417.00;13.75;1998.00;3.81;0
14;anti_air_building;403.00;13.30;2013.00;3.91;0
14;synthetic_refinery;422.00;12.18;1976.00;1.75;0
14;radar_station;418.00;13.15;1986.00;5.87;0
14;rocket_site;430.00;15.05;1999.00;5.98;0
14;nuclear_reactor;434.00;11.57;2007.00;3.81;0
15;arms_factory;482.00;12.03;1974.00;3.74;0
15;arms_factory;450.00;10.63;1962.00;0.13;0
15;arms_factory;473.00;11.15;1968.00;1.68;0
15;arms_factory;488.00;11.15;1968.00;5.81;0
15;arms_factory;448.00;9.75;1947.00;0.74;0
15;arms_factory;445.00;9.70;1949.00;3.75;0
15;industrial_complex;443.00;9.70;1963.00;0.13;0
15;industrial_complex;470.00;11.30;1976.00;2.80;0
15;industrial_complex;484.00;11.40;1976.00;0.63;0
15;industrial_complex;448.00;9.70;1951.00;2.19;0
15;industrial_complex;469.00;11.60;1964.00;4.86;0
15;industrial_complex;480.00;11.60;1970.00;1.24;0
15;air_base;448.00;9.70;1971.00;5.37;0
15;naval_base;445.00;9.53;1979.00;-1.25;3253
15;bunker;443.00;9.60;1965.00;3.30;0
15;coastal_bunker;435.00;9.50;1946.00;-1.25;0
15;dockyard;510.00;9.50;1970.00;1.54;0
15;anti_air_building;452.00;9.70;1979.00;3.91;0
15;anti_air_building;465.00;10.07;1957.00;1.75;0
15;anti_air_building;468.00;11.07;1972.00;5.87;0
15;synthetic_refinery;482.00;11.88;1972.00;5.98;0
15;radar_station;469.00;11.43;1979.00;3.81;0
15;rocket_site;439.00;9.60;1960.00;0.20;0
15;nuclear_reactor;448.00;9.82;1967.00;2.87;0
16;arms_factory;642.00;12.85;2004.00;1.68;0
16;arms_factory;654.00;14.20;1991.00;5.81;0
16;arms_factory;624.00;12.45;2030.00;0.74;0
16;arms_factory;675.00;13.00;2007.00;3.75;0
16;arms_factory;662.00;12.13;1952.00;0.13;0
16;arms_factory;654.00;13.48;1981.00;2.80;0
16;industrial_complex;671.00;13.10;1970.00;0.63;0
16;industrial_complex;694.00;13.00;1987.00;2.19;0
16;industrial_complex;623.00;16.88;1984.00;4.86;0
16;industrial_complex;665.00;13.10;2003.00;1.24;0
16;industrial_complex;682.00;12.80;1990.00;5.37;0
16;industrial_complex;623.00;12.03;2027.00;5.47;0
16;air_base;703.00;12.85;1966.00;3.30;0
16;bunker;708.00;14.15;1950.00;5.97;0
16;anti_air_building;691.00;13.20;1980.00;3.81;0
16;anti_air_building;704.00;12.82;1969.00;3.91;0
16;anti_air_building;624.00;16.73;1987.00;1.75;0
16;synthetic_refinery;658.00;13.30;2019.00;5.87;0
16;radar_station;688.00;12.25;2002.00;5.98;0
16;rocket_site;608.00;12.00;2043.00;3.81;0
16;nuclear_reactor;617.00;12.07;2025.00;0.20;0
17;arms_factory;761.00;14.03;1991.00;0.74;0
17;arms_factory;727.00;12.75;1973.00;3.75;0
17;arms_factory;817.00;12.43;1975.00;0.13;0
17;arms_factory;765.00;14.10;1973.00;2.80;0
17;arms_factory;715.00;13.70;2000.00;0.63;0
17;arms_factory;708.00;12.30;2005.00;2.19;0
17;industrial_complex;780.00;12.25;1977.00;4.86;0
17;industrial_complex;770.00;13.30;1980.00;1.24;0
17;industrial_complex;863.00;11.57;1963.00;5.37;0
17;industrial_complex;793.00;15.48;2008.00;5.47;0
17;industrial_complex;766.00;13.65;1964.00;3.30;0
17;industrial_complex;728.00;13.43;1988.00;5.97;0
17;air_base;749.00;13.40;1985.00;3.81;0
17;bunker;735.00;12.30;1968.00;3.91;0
17;anti_air_building;808.00;12.55;1970.00;1.75;0
17;anti_air_building;773.00;13.25;1968.00;5.87;0
17;anti_air_building;747.00;13.82;1993.00;5.98;0
17;synthetic_refinery;776.00;13.57;1996.00;3.81;0
17;radar_station;750.00;13.45;1972.00;0.20;0
17;rocket_site;834.00;12.32;1974.00;2.87;0
17;nuclear_reactor;807.00;12.18;1977.00;4.42;0
18;arms_factory;869.00;12.95;1981.00;0.13;0
18;arms_factory;846.00;14.15;2013.00;2.80;0
18;arms_factory;819.00;14.63;2033.00;0.63;0
18;arms_factory;830.00;14.18;2023.00;2.19;0
18;arms_factory;852.00;13.57;2014.00;4.86;0
18;arms_factory;843.00;12.65;2004.00;1.24;0
18;industrial_complex;831.00;14.07;2024.00;5.37;0
18;industrial_complex;867.00;13.20;1985.00;5.47;0
18;industrial_complex;873.00;10.75;2042.00;3.30;0
18;industrial_complex;870.00;12.32;1996.00;5.97;0
18;industrial_complex;831.00;13.95;2025.00;3.81;0
18;industrial_complex;859.00;11.28;2043.00;3.91;0
18;air_base;820.00;14.65;2034.00;1.75;0
18;bunker;860.00;13.82;1997.00;5.87;0
18;anti_air_building;868.00;11.82;2015.00;5.98;0
18;anti_air_building;834.00;12.75;2005.00;3.81;0
18;anti_air_building;848.00;11.68;1998.00;0.20;0
18;synthetic_refinery;852.00;12.38;1987.00;2.87;0
18;radar_station;868.00;10.88;2043.00;4.42;0
18;rocket_site;806.00;14.25;2036.00;2.26;0
18;nuclear_reactor;839.00;14.40;2026.00;3.47;0
19;arms_factory;781.00;13.40;2020.00;0.63;0
19;arms_factory;668.00;12.43;2036.00;2.19;0
19;arms_factory;762.00;12.65;2017.00;4.86;0
19;arms_factory;763.00;13.40;2033.00;1.24;0
19;arms_factory;743.00;12.73;2032.00;5.37;0
19;arms_factory;705.00;12.23;2031.00;5.47;0
19;industrial_complex;667.00;10.80;2046.00;3.30;0
19;industrial_complex;634.00;11.35;2045.00;5.97;0
19;industrial_complex;723.00;12.05;2043.00;3.81;0
19;industrial_complex;692.00;12.45;2042.00;3.91;0
19;industrial_complex;740.00;12.70;2022.00;1.75;0
19;industrial_complex;670.00;11.95;2021.00;5.87;0
19;air_base;731.00;13.73;2019.00;5.98;0
19;bunker;653.00;12.00;2035.00;3.81;0
19;anti_air_building;707.00;13.32;2016.00;0.20;0
19;anti_air_building;749.00;12.78;2032.00;2.87;0
19;anti_air_building;766.00;12.63;2005.00;4.42;0
19;synthetic_refinery;692.00;12.25;2030.00;2.26;0
19;radar_station;640.00;11.30;2045.00;3.47;0
19;rocket_site;747.00;12.55;2043.00;1.31;0
19;nuclear_reactor;698.00;12.05;2042.00;2.87;0
20;arms_factory;876.00;9.70;1707.00;4.86;0
20;arms_factory;859.00;10.18;1717.00;1.24;0
20;arms_factory;869.00;11.18;1721.00;5.37;0
20;arms_factory;866.00;11.88;1720.00;5.47;0
20;arms_factory;867.00;11.63;1715.00;3.30;0
20;arms_factory;862.00;10.82;1719.00;5.97;0
20;industrial_complex;864.00;11.65;1718.00;3.81;0
20;industrial_complex;873.00;9.95;1708.00;3.91;0
20;industrial_complex;863.00;11.40;1717.00;1.75;0
20;industrial_complex;868.00;11.75;1716.00;5.87;0
20;industrial_complex;870.00;11.25;1720.00;5.98;0
20;industrial_complex;870.00;11.60;1715.00;3.81;0
20;air_base;869.00;10.18;1710.00;0.20;0
20;naval_base;878.00;9.50;1706.00;1.57;5257
20;bunker;863.00;10.85;1714.00;4.42;0
20;coastal_bunker;869.00;9.50;1708.00;-1.21;0
20;dockyard;870.00;9.50;1707.00;-1.21;0
20;anti_air_building;865.00;11.82;1721.00;1.31;0
20;anti_air_building;862.00;10.70;1720.00;2.87;0
20;anti_air_building;863.00;11.15;1715.00;5.54;0
20;synthetic_refinery;872.00;11.15;1718.00;3.37;0
20;radar_station;860.00;10.28;1718.00;6.04;0
20;rocket_site;876.00;9.70;1707.00;1.31;0
20;nuclear_reactor;859.00;10.18;1717.00;3.98;0
21;arms_factory;851.00;11.38;1724.00;5.37;0
21;arms_factory;855.00;11.25;1727.00;5.47;0
21;arms_factory;847.00;9.70;1723.00;3.30;0
21;arms_factory;848.00;11.55;1727.00;5.97;0
21;arms_factory;848.00;9.68;1719.00;3.81;0
21;arms_factory;852.00;11.53;1725.00;3.91;0
21;industrial_complex;855.00;10.53;1732.00;1.75;0
21;industrial_complex;852.00;11.50;1724.00;5.87;0
21;industrial_complex;853.00;11.63;1728.00;5.98;0
21;industrial_complex;856.00;10.23;1723.00;3.81;0
21;industrial_complex;851.00;11.63;1726.00;0.20;0
21;industrial_complex;853.00;9.75;1720.00;2.87;0
21;air_base;856.00;10.95;1726.00;4.42;0
21;naval_base;854.00;9.85;1735.00;-4.12;5257
21;bunker;846.00;9.90;1725.00;3.47;0
21;coastal_bunker;851.00;9.50;1718.00;-0.64;0
21;dockyard;851.00;9.60;1719.00;-0.64;0
21;anti_air_building;847.00;11.95;1728.00;5.54;0
21;anti_air_building;855.00;10.00;1721.00;3.37;0
21;anti_air_building;863.00;10.18;1725.00;6.04;0
21;synthetic_refinery;852.00;12.13;1732.00;1.31;0
21;radar_station;856.00;10.75;1725.00;3.98;0
21;rocket_site;855.00;11.20;1729.00;1.82;0
21;nuclear_reactor;854.00;11.10;1723.00;4.49;0
22;arms_factory;825.00;11.18;1745.00;3.30;0
22;arms_factory;821.00;10.95;1748.00;5.97;0
22;arms_factory;823.00;10.90;1745.00;3.81;0
22;arms_factory;819.00;10.20;1748.00;3.91;0
22;arms_factory;807.00;9.57;1751.00;1.75;0
22;arms_factory;824.00;11.53;1747.00;5.87;0
22;industrial_complex;825.00;10.35;1750.00;5.98;0
22;industrial_complex;810.00;10.10;1754.00;3.81;0
22;industrial_complex;824.00;10.57;1750.00;0.20;0
22;industrial_complex;809.00;10.20;1754.00;2.87;0
22;industrial_complex;819.00;9.88;1743.00;4.42;0
22;industrial_complex;807.00;10.18;1754.00;2.26;0
22;air_base;818.00;9.85;1743.00;3.47;0
22;naval_base;818.00;9.50;1741.00;-2.03;2945
22;bunker;818.00;9.55;1742.00;2.87;0
22;coastal_bunker;828.00;9.98;1750.00;-2.03;0
22;dockyard;820.00;9.68;1753.00;-2.03;0
22;anti_air_building;820.00;10.80;1745.00;6.04;0
22;anti_air_building;812.00;9.70;1748.00;1.31;0
22;anti_air_building;824.00;10.57;1750.00;3.98;0
22;synthetic_refinery;821.00;11.07;1747.00;1.82;0
22;radar_station;822.00;10.85;1750.00;4.49;0
22;rocket_site;807.00;10.18;1754.00;6.04;0
22;nuclear_reactor;821.00;10.70;1750.00;2.43;0
23;arms_factory;842.00;12.05;1732.00;3.81;0
23;arms_factory;825.00;10.35;1741.00;3.91;0
23;arms_factory;835.00;10.43;1732.00;1.75;0
23;arms_factory;837.00;11.63;1736.00;5.87;0
23;arms_factory;840.00;10.68;1730.00;5.98;0
23;arms_factory;838.00;11.63;1735.00;3.81;0
23;industrial_complex;833.00;9.68;1729.00;0.20;0
23;industrial_complex;840.00;11.80;1733.00;2.87;0
23;industrial_complex;824.00;10.03;1740.00;4.42;0
23;industrial_complex;833.00;9.80;1732.00;2.26;0
23;industrial_complex;831.00;10.05;1738.00;3.47;0
23;industrial_complex;839.00;11.10;1731.00;1.31;0
23;air_base;837.00;11.45;1735.00;2.87;0
23;naval_base;822.00;9.50;1737.00;-1.89;2945
23;bunker;840.00;11.80;1734.00;3.37;0
23;coastal_bunker;826.00;9.50;1735.00;-0.46;0
23;dockyard;826.00;9.50;1735.00;-0.46;0
23;anti_air_building;828.00;9.75;1739.00;3.98;0
23;anti_air_building;841.00;10.10;1729.00;1.82;0
23;anti_air_building;831.00;9.80;1737.00;4.49;0
23;synthetic_refinery;833.00;9.68;1729.00;6.04;0
23;radar_station;839.00;11.65;1734.00;2.43;0
23;rocket_site;825.00;10.35;1741.00;0.26;0
23;nuclear_reactor;842.00;12.35;1733.00;0.37;0
24;arms_factory;835.00;11.95;1743.00;1.75;0
24;arms_factory;842.00;12.28;1740.00;5.87;0
24;arms_factory;841.00;11.95;1743.00;5.98;0
24;arms_factory;841.00;11.10;1745.00;3.81;0
24;arms_factory;833.00;11.80;1744.00;0.20;0
24;arms_factory;831.00;11.65;1746.00;2.87;0
24;industrial_complex;846.00;12.50;1735.00;4.42;0
24;industrial_complex;837.00;11.48;1746.00;2.26;0
24;industrial_complex;845.00;12.45;1736.00;3.47;0
24;industrial_complex;840.00;12.28;1740.00;1.31;0
24;industrial_complex;842.00;12.32;1737.00;2.87;0
24;industrial_complex;839.00;12.23;1740.00;5.54;0
24;air_base;838.00;12.25;1743.00;3.37;0
24;naval_base;850.00;10.07;1740.00;-3.39;5257
24;bunker;844.00;11.50;1743.00;1.31;0
24;coastal_bunker;848.00;9.78;1744.00;-3.39;0
24;dockyard;848.00;9.98;1743.00;-3.39;0
24;anti_air_building;834.00;11.73;1746.00;4.49;0
24;anti_air_building;849.00;12.30;1735.00;6.04;0
24;anti_air_building;841.00;10.53;1746.00;2.43;0
24;synthetic_refinery;848.00;12.15;1736.00;0.26;0
24;radar_station;843.00;12.18;1740.00;0.37;0
24;rocket_site;845.00;12.25;1737.00;4.49;0
24;nuclear_reactor;842.00;12.28;1740.00;2.33;0
25;arms_factory;866.00;9.65;1749.00;5.98;0
25;arms_factory;866.00;10.03;1751.00;3.81;0
25;arms_factory;857.00;9.65;1749.00;0.20;0
25;arms_factory;865.00;9.85;1751.00;2.87;0
25;arms_factory;865.00;9.70;1737.00;4.42;0
25;arms_factory;863.00;9.82;1751.00;2.26;0
25;industrial_complex;864.00;9.70;1737.00;3.47;0
25;industrial_complex;864.00;9.68;1742.00;1.31;0
25;industrial_complex;865.00;9.60;1736.00;2.87;0
25;industrial_complex;869.00;10.53;1740.00;5.54;0
25;industrial_complex;866.00;10.28;1746.00;3.37;0
25;industrial_complex;867.00;10.70;1740.00;6.04;0
25;air_base;864.00;9.60;1746.00;1.31;0
25;naval_base;859.00;9.50;1739.00;-0.59;5257
25;bunker;867.00;10.75;1744.00;1.82;0
25;coastal_bunker;861.00;9.65;1750.00;-0.59;0
25;dockyard;865.00;9.50;1749.00;-0.59;0
25;anti_air_building;871.00;12.07;1748.00;2.43;0
25;anti_air_building;862.00;10.03;1751.00;0.26;0
25;anti_air_building;865.00;9.75;1738.00;0.37;0
25;synthetic_refinery;860.00;10.15;1751.00;4.49;0
25;radar_station;873.00;14.28;1752.00;2.33;0
25;rocket_site;868.00;11.07;1741.00;3.54;0
25;nuclear_reactor;871.00;13.07;1752.00;0.27;0
26;arms_factory;877.00;13.88;1749.00;0.20;0
26;arms_factory;882.00;11.20;1736.00;2.87;0
26;arms_factory;878.00;11.55;1742.00;4.42;0
26;arms_factory;888.00;13.20;1743.00;2.26;0
26;arms_factory;888.00;13.07;1749.00;3.47;0
26;arms_factory;890.00;14.30;1740.00;1.31;0
26;industrial_complex;882.00;12.35;1739.00;2.87;0
26;industrial_complex;884.00;13.40;1744.00;5.54;0
26;industrial_complex;879.00;10.73;1735.00;3.37;0
26;industrial_complex;888.00;13.65;1752.00;6.04;0
26;industrial_complex;877.00;10.65;1743.00;1.31;0
26;industrial_complex;877.00;13.88;1749.00;3.98;0
26;air_base;880.00;13.95;1747.00;1.82;0
26;naval_base;874.00;9.50;1742.00;-0.59;5257
26;bunker;888.00;13.20;1743.00;6.04;0
26;coastal_bunker;874.00;9.50;1734.00;-0.59;0
26;dockyard;876.00;9.50;1729.00;-0.59;0
26;anti_air_building;883.00;12.80;1742.00;0.37;0
26;anti_air_building;877.00;10.73;1741.00;4.49;0
26;anti_air_building;882.00;14.10;1746.00;2.33;0
26;synthetic_refinery;875.00;9.85;1738.00;3.54;0
26;radar_station;875.00;9.63;1736.00;0.27;0
26;rocket_site;889.00;13.25;1744.00;2.93;0
26;nuclear_reactor;876.00;14.60;1751.00;5.60;0
27;arms_factory;890.00;12.68;1734.00;4.42;0
27;arms_factory;893.00;10.40;1727.00;2.26;0
27;arms_factory;892.00;13.48;1736.00;3.47;0
27;arms_factory;896.00;12.40;1732.00;1.31;0
27;arms_factory;893.00;10.23;1726.00;2.87;0
27;arms_factory;895.00;12.88;1734.00;5.54;0
27;industrial_complex;887.00;10.48;1732.00;3.37;0
27;industrial_complex;898.00;10.45;1724.00;6.04;0
27;industrial_complex;888.00;11.18;1733.00;1.31;0
27;industrial_complex;890.00;11.20;1731.00;3.98;0
27;industrial_complex;892.00;13.07;1735.00;1.82;0
27;industrial_complex;891.00;12.05;1732.00;4.49;0
27;air_base;892.00;11.03;1730.00;6.04;0
27;naval_base;884.00;9.53;1731.00;-1.25;5257
27;bunker;894.00;12.07;1731.00;0.26;0
27;coastal_bunker;889.00;9.50;1727.00;-1.25;0
27;dockyard;883.00;9.50;1728.00;-1.25;0
27;anti_air_building;885.00;9.75;1731.00;2.33;0
27;anti_air_building;893.00;10.65;1728.00;3.54;0
27;anti_air_building;886.00;9.95;1732.00;0.27;0
27;synthetic_refinery;894.00;11.35;1729.00;2.93;0
27;radar_station;894.00;10.80;1727.00;5.60;0
27;rocket_site;892.00;13.48;1736.00;1.99;0
27;nuclear_reactor;884.00;9.55;1729.00;5.00;0
28;arms_factory;900.00;10.05;1720.00;3.47;0
28;arms_factory;899.00;10.00;1721.00;1.31;0
28;arms_factory;885.00;9.57;1722.00;2.87;0
28;arms_factory;898.00;9.88;1720.00;5.54;0
28;arms_factory;897.00;9.90;1721.00;3.37;0
28;arms_factory;902.00;10.28;1721.00;6.04;0
28;industrial_complex;903.00;10.32;1722.00;1.31;0
28;industrial_complex;895.00;9.75;1721.00;3.98;0
28;industrial_complex;900.00;10.10;1721.00;1.82;0
28;industrial_complex;901.00;10.30;1722.00;4.49;0
28;industrial_complex;892.00;9.70;1721.00;6.04;0
28;industrial_complex;900.00;10.05;1720.00;2.43;0
28;air_base;893.00;9.70;1722.00;0.26;0
28;naval_base;886.00;9.50;1721.00;-1.57;5257
28;bunker;897.00;9.82;1720.00;4.49;0
28;coastal_bunker;888.00;9.60;1724.00;-1.57;0
28;dockyard;883.00;9.50;1724.00;-1.57;0
28;anti_air_building;895.00;9.70;1720.00;0.27;0
28;anti_air_building;895.00;9.75;1721.00;2.93;0
28;anti_air_building;889.00;9.70;1723.00;5.60;0
28;synthetic_refinery;900.00;10.10;1721.00;1.99;0
28;radar_station;892.00;9.70;1721.00;5.00;0
28;rocket_site;887.00;9.70;1723.00;6.21;0
28;nuclear_reactor;900.00;10.05;1720.00;4.05;0
29;arms_factory;820.00;9.55;1778.00;2.87;0
29;arms_factory;808.00;9.53;1772.00;5.54;0
29;arms_factory;841.00;14.20;1788.00;3.37;0
29;arms_factory;842.00;14.65;1786.00;6.04;0
29;arms_factory;830.00;11.88;1795.00;1.31;0
29;arms_factory;841.00;13.05;1794.00;3.98;0
29;industrial_complex;846.00;12.90;1793.00;1.82;0
29;industrial_complex;813.00;11.30;1800.00;4.49;0
29;industrial_complex;821.00;11.00;1799.00;6.04;0
29;industrial_complex;822.00;9.90;1778.00;2.43;0
29;industrial_complex;813.00;9.50;1773.00;0.26;0
29;industrial_complex;842.00;14.05;1788.00;0.37;0
29;air_base;830.00;9.70;1787.00;4.49;0
29;naval_base;822.00;9.50;1788.00;-0.84;2945
29;bunker;842.00;13.05;1794.00;3.54;0
29;coastal_bunker;801.00;9.50;1790.00;-1.57;0
29;dockyard;806.00;9.50;1777.00;-0.84;0
29;anti_air_building;826.00;9.53;1799.00;5.60;0
29;anti_air_building;836.00;12.93;1798.00;1.99;0
29;anti_air_building;813.00;9.60;1774.00;5.00;0
29;synthetic_refinery;831.00;12.70;1804.00;6.21;0
29;radar_station;836.00;14.50;1787.00;4.05;0
29;rocket_site;835.00;13.82;1785.00;0.43;0
29;nuclear_reactor;831.00;10.07;1784.00;3.45;0
30;arms_factory;833.00;11.23;1774.00;3.37;0
30;arms_factory;828.00;11.50;1768.00;6.04;0
30;arms_factory;825.00;10.53;1770.00;1.31;0
30;arms_factory;827.00;9.70;1761.00;3.98;0
30;arms_factory;828.00;11.05;1773.00;1.82;0
30;arms_factory;852.00;9.85;1752.00;4.49;0
30;industrial_complex;840.00;12.32;1765.00;6.04;0
30;industrial_complex;830.00;12.23;1771.00;2.43;0
30;industrial_complex;836.00;10.10;1762.00;0.26;0
30;industrial_complex;834.00;10.63;1764.00;0.37;0
30;industrial_complex;850.00;9.90;1756.00;4.49;0
30;industrial_complex;841.00;12.70;1766.00;2.33;0
30;air_base;836.00;12.45;1768.00;3.54;0
30;naval_base;855.00;9.70;1753.00;0.61;5257
30;bunker;826.00;9.90;1765.00;2.93;0
30;coastal_bunker;819.00;9.50;1763.00;-1.49;0
30;dockyard;838.00;9.50;1757.00;0.61;0
30;anti_air_building;822.00;9.63;1770.00;5.00;0
30;anti_air_building;848.00;9.57;1760.00;6.21;0
30;anti_air_building;848.00;9.70;1762.00;4.05;0
30;synthetic_refinery;849.00;9.70;1752.00;0.43;0
30;radar_station;837.00;11.93;1765.00;3.45;0
30;rocket_site;828.00;10.78;1767.00;6.11;0
30;nuclear_reactor;833.00;9.82;1762.00;2.49;0
31;arms_factory;858.00;14.35;1777.00;1.31;0
31;arms_factory;861.00;11.03;1755.00;3.98;0
31;arms_factory;851.00;14.88;1767.00;1.82;0
31;arms_factory;859.00;12.70;1764.00;4.49;0
31;arms_factory;845.00;12.70;1770.00;6.04;0
31;arms_factory;846.00;12.82;1770.00;2.43;0
31;industrial_complex;866.00;13.57;1774.00;0.26;0
31;industrial_complex;864.00;13.95;1772.00;0.37;0
31;industrial_complex;853.00;14.73;1779.00;4.49;0
31;industrial_complex;868.00;14.85;1759.00;2.33;0
31;industrial_complex;851.00;14.10;1785.00;3.54;0
31;industrial_complex;866.00;15.35;1766.00;0.27;0
31;air_base;872.00;15.43;1763.00;2.93;0
31;naval_base;859.00;9.50;1759.00;0.08;5257
31;bunker;856.00;14.68;1774.00;1.99;0
31;coastal_bunker;859.00;9.53;1757.00;0.08;0
31;dockyard;857.00;9.70;1760.00;0.08;0
31;anti_air_building;839.00;14.65;1777.00;4.05;0
31;anti_air_building;870.00;15.18;1758.00;0.43;0
31;anti_air_building;856.00;12.82;1766.00;3.45;0
31;synthetic_refinery;862.00;14.43;1763.00;6.11;0
31;radar_station;859.00;14.15;1771.00;2.49;0
31;rocket_site;858.00;13.38;1769.00;5.51;0
31;nuclear_reactor;846.00;13.55;1774.00;0.43;0
32;arms_factory;815.00;13.35;1826.00;1.82;0
32;arms_factory;814.00;13.30;1843.00;4.49;0
32;arms_factory;820.00;12.20;1833.00;6.04;0
32;arms_factory;805.00;11.70;1844.00;2.43;0
32;arms_factory;807.00;12.45;1834.00;0.26;0
32;arms_factory;806.00;9.85;1803.00;0.37;0
32;industrial_complex;826.00;12.10;1834.00;4.49;0
32;industrial_complex;811.00;13.50;1825.00;2.33;0
32;industrial_complex;805.00;11.60;1842.00;3.54;0
32;industrial_complex;830.00;12.30;1825.00;0.27;0
32;industrial_complex;825.00;11.95;1842.00;2.93;0
32;industrial_complex;834.00;12.25;1832.00;5.60;0
32;air_base;825.00;12.35;1823.00;1.99;0
32;naval_base;797.00;9.50;1821.00;-0.84;5150
32;bunker;808.00;12.80;1824.00;6.21;0
32;coastal_bunker;796.00;9.57;1813.00;-0.84;0
32;dockyard;796.00;9.50;1818.00;-0.84;0
32;anti_air_building;835.00;13.53;1816.00;3.45;0
32;anti_air_building;828.00;12.20;1831.00;6.11;0
32;anti_air_building;815.00;12.98;1817.00;2.49;0
32;synthetic_refinery;814.00;12.82;1832.00;5.51;0
32;radar_station;805.00;12.10;1823.00;0.43;0
32;rocket_site;802.00;9.82;1808.00;4.56;0
32;nuclear_reactor;825.00;12.35;1823.00;0.94;0
33;arms_factory;796.00;11.07;1888.00;6.04;0
33;arms_factory;778.00;9.73;1860.00;2.43;0
33;arms_factory;790.00;12.35;1883.00;0.26;0
33;arms_factory;783.00;10.05;1851.00;0.37;0
33;arms_factory;795.00;11.80;1878.00;4.49;0
33;arms_factory;800.00;10.18;1838.00;2.33;0
33;industrial_complex;780.00;10.38;1867.00;3.54;0
33;industrial_complex;793.00;11.73;1836.00;0.27;0
33;industrial_complex;791.00;11.93;1865.00;2.93;0
33;industrial_complex;778.00;9.70;1825.00;5.60;0
33;industrial_complex;769.00;9.70;1849.00;1.99;0
33;industrial_complex;780.00;9.57;1822.00;5.00;0
33;air_base;779.00;9.55;1847.00;6.21;0
33;naval_base;776.00;9.50;1860.00;-1.00;4722
33;bunker;764.00;9.55;1845.00;0.43;0
33;coastal_bunker;778.00;9.50;1830.00;-1.00;0
33;dockyard;783.00;9.57;1855.00;-1.00;0
33;anti_air_building;790.00;11.93;1862.00;2.49;0
33;anti_air_building;788.00;10.38;1832.00;5.51;0
33;anti_air_building;793.00;11.38;1854.00;0.43;0
33;synthetic_refinery;798.00;12.55;1885.00;4.56;0
33;radar_station;791.00;12.05;1852.00;0.94;0
33;rocket_site;777.00;10.38;1870.00;2.50;0
33;nuclear_reactor;789.00;12.38;1850.00;5.16;0
34;arms_factory;744.00;9.70;1811.00;0.26;0
34;arms_factory;746.00;9.60;1821.00;0.37;0
34;arms_factory;747.00;9.68;1823.00;4.49;0
34;arms_factory;740.00;9.55;1812.00;2.33;0
34;arms_factory;731.00;9.68;1822.00;3.54;0
34;arms_factory;732.00;9.70;1824.00;0.27;0
34;industrial_complex;740.00;9.68;1814.00;2.93;0
34;industrial_complex;733.00;9.70;1822.00;5.60;0
34;industrial_complex;748.00;9.70;1805.00;1.99;0
34;industrial_complex;741.00;9.70;1814.00;5.00;0
34;industrial_complex;735.00;9.78;1822.00;6.21;0
34;industrial_complex;741.00;9.70;1811.00;4.05;0
34;air_base;743.00;9.85;1814.00;0.43;0
34;naval_base;745.00;9.50;1798.00;0.46;5150
34;bunker;743.00;9.70;1811.00;6.11;0
34;coastal_bunker;747.00;9.50;1797.00;0.46;0
34;dockyard;743.00;9.70;1809.00;0.46;0
34;anti_air_building;744.00;9.70;1811.00;0.43;0
34;anti_air_building;734.00;9.55;1815.00;4.56;0
34;anti_air_building;731.00;9.68;1824.00;0.94;0
34;synthetic_refinery;740.00;9.55;1812.00;2.50;0
34;radar_station;742.00;9.68;1816.00;5.16;0
34;rocket_site;733.00;9.70;1824.00;3.00;0
34;nuclear_reactor;742.00;9.70;1812.00;4.21;0
35;arms_factory;760.00;14.25;1895.00;4.49;0
35;arms_factory;755.00;13.03;1933.00;2.33;0
35;arms_factory;754.00;13.15;1932.00;3.54;0
35;arms_factory;769.00;13.65;1948.00;0.27;0
35;arms_factory;766.00;13.30;1947.00;2.93;0
35;arms_factory;761.00;13.98;1906.00;5.60;0
35;industrial_complex;753.00;12.00;1940.00;1.99;0
35;industrial_complex;764.00;12.38;1925.00;5.00;0
35;industrial_complex;748.00;12.30;1956.00;6.21;0
35;industrial_complex;739.00;13.25;1955.00;4.05;0
35;industrial_complex;767.00;12.80;1896.00;0.43;0
35;industrial_complex;733.00;11.78;1934.00;3.45;0
35;air_base;735.00;12.00;1933.00;6.11;0
35;bunker;755.00;13.18;1949.00;2.49;0
35;anti_air_building;749.00;12.35;1948.00;5.51;0
35;anti_air_building;769.00;14.55;1907.00;0.43;0
35;anti_air_building;766.00;12.20;1927.00;4.56;0
35;synthetic_refinery;755.00;13.63;1926.00;0.94;0
35;radar_station;736.00;13.10;1957.00;2.50;0
35;rocket_site;789.00;13.15;1941.00;5.16;0
35;nuclear_reactor;773.00;12.15;1897.00;3.00;0
36;arms_factory;868.00;13.28;1926.00;3.54;0
36;arms_factory;821.00;11.80;1959.00;0.27;0
36;arms_factory;843.00;11.28;1950.00;2.93;0
36;arms_factory;815.00;11.55;1944.00;5.60;0
36;arms_factory;812.00;12.78;1938.00;1.99;0
36;arms_factory;871.00;13.53;1919.00;5.00;0
36;industrial_complex;819.00;13.75;1913.00;6.21;0
36;industrial_complex;828.00;11.15;1954.00;4.05;0
36;industrial_complex;805.00;13.43;1937.00;0.43;0
36;industrial_complex;814.00;13.43;1931.00;3.45;0
36;industrial_complex;831.00;13.38;1923.00;6.11;0
36;industrial_complex;841.00;12.50;1955.00;2.49;0
36;air_base;865.00;11.40;1946.00;5.51;0
36;bunker;853.00;12.50;1940.00;0.43;0
36;anti_air_building;837.00;13.63;1924.00;4.56;0
36;anti_air_building;821.00;14.00;1916.00;0.94;0
36;anti_air_building;827.00;12.10;1959.00;2.50;0
36;synthetic_refinery;847.00;13.55;1939.00;5.16;0
36;radar_station;852.00;13.88;1933.00;3.00;0
36;rocket_site;877.00;11.78;1927.00;4.21;0
36;nuclear_reactor;815.00;11.90;1958.00;0.94;0
37;arms_factory;899.00;12.30;1733.00;2.93;0
37;arms_factory;906.00;12.90;1738.00;5.60;0
37;arms_factory;907.00;11.75;1731.00;1.99;0
37;arms_factory;906.00;11.78;1732.00;5.00;0
37;arms_factory;902.00;13.10;1738.00;6.21;0
37;arms_factory;909.00;12.65;1736.00;4.05;0
37;industrial_complex;902.00;11.93;1732.00;0.43;0
37;industrial_complex;906.00;12.85;1737.00;3.45;0
37;industrial_complex;905.00;12.73;1736.00;6.11;0
37;industrial_complex;910.00;12.07;1731.00;2.49;0
37;industrial_complex;907.00;11.48;1730.00;5.51;0
37;industrial_complex;900.00;12.40;1736.00;0.43;0
37;air_base;906.00;11.48;1731.00;4.56;0
37;bunker;903.00;11.60;1730.00;0.94;0
37;anti_air_building;909.00;12.57;1735.00;2.50;0
37;anti_air_building;908.00;12.80;1736.00;5.16;0
37;anti_air_building;899.00;12.03;1730.00;3.00;0
37;synthetic_refinery;905.00;12.53;1735.00;4.21;0
37;radar_station;903.00;12.65;1736.00;0.94;0
37;rocket_site;906.00;11.10;1729.00;5.07;0
37;nuclear_reactor;901.00;11.65;1728.00;6.28;0
38;arms_factory;910.00;12.05;1724.00;1.99;0
38;arms_factory;929.00;13.15;1739.00;5.00;0
38;arms_factory;920.00;13.68;1720.00;6.21;0
38;arms_factory;935.00;14.63;1720.00;4.05;0
38;arms_factory;919.00;13.00;1736.00;0.43;0
38;arms_factory;927.00;13.00;1738.00;3.45;0
38;industrial_complex;930.00;13.25;1739.00;6.11;0
38;industrial_complex;931.00;13.63;1733.00;2.49;0
38;industrial_complex;920.00;13.05;1734.00;5.51;0
38;industrial_complex;919.00;13.00;1736.00;0.43;0
38;industrial_complex;915.00;12.63;1731.00;4.56;0
38;industrial_complex;930.00;13.55;1731.00;0.94;0
38;air_base;931.00;13.63;1733.00;2.50;0
38;bunker;913.00;11.93;1727.00;5.16;0
38;anti_air_building;914.00;12.18;1729.00;3.00;0
38;anti_air_building;915.00;12.63;1731.00;4.21;0
38;anti_air_building;930.00;14.10;1724.00;0.94;0
38;synthetic_refinery;925.00;12.90;1726.00;5.07;0
38;radar_station;913.00;11.93;1727.00;6.28;0
38;rocket_site;926.00;14.05;1722.00;4.12;0
38;nuclear_reactor;915.00;12.85;1724.00;5.67;0
39;arms_factory;952.00;14.13;1738.00;6.21;0
39;arms_factory;961.00;13.45;1735.00;4.05;0
39;arms_factory;943.00;11.75;1741.00;0.43;0
39;arms_factory;951.00;13.28;1727.00;3.45;0
39;arms_factory;947.00;13.70;1725.00;6.11;0
39;arms_factory;944.00;13.50;1730.00;2.49;0
39;industrial_complex;955.00;13.82;1727.00;5.51;0
39;industrial_complex;962.00;13.03;1740.00;0.43;0
39;industrial_complex;967.00;13.05;1720.00;4.56;0
39;industrial_complex;953.00;13.15;1743.00;0.94;0
39;industrial_complex;941.00;12.20;1730.00;2.50;0
39;industrial_complex;943.00;12.48;1721.00;5.16;0
39;air_base;959.00;13.75;1732.00;3.00;0
39;bunker;964.00;13.25;1720.00;4.21;0
39;anti_air_building;958.00;14.25;1735.00;0.94;0
39;anti_air_building;966.00;13.53;1722.00;5.07;0
39;anti_air_building;968.00;12.75;1720.00;6.28;0
39;synthetic_refinery;944.00;13.35;1725.00;4.12;0
39;radar_station;946.00;12.80;1738.00;5.67;0
39;rocket_site;956.00;14.18;1735.00;3.51;0
39;nuclear_reactor;960.00;13.60;1740.00;4.72;0
40;arms_factory;968.00;14.28;1738.00;0.43;0
40;arms_factory;977.00;15.15;1746.00;3.45;0
40;arms_factory;983.00;13.75;1737.00;6.11;0
40;arms_factory;977.00;15.00;1747.00;2.49;0
40;arms_factory;980.00;14.43;1738.00;5.51;0
40;arms_factory;969.00;13.00;1747.00;0.43;0
40;industrial_complex;988.00;14.73;1727.00;4.56;0
40;industrial_complex;969.00;13.25;1748.00;0.94;0
40;industrial_complex;980.00;14.45;1727.00;2.50;0
40;industrial_complex;973.00;14.85;1750.00;5.16;0
40;industrial_complex;976.00;13.40;1728.00;3.00;0
40;industrial_complex;971.00;14.07;1735.00;4.21;0
40;air_base;969.00;13.60;1729.00;0.94;0
40;bunker;969.00;14.60;1736.00;5.07;0
40;anti_air_building;988.00;15.07;1728.00;6.28;0
40;anti_air_building;966.00;13.75;1737.00;4.12;0
40;anti_air_building;974.00;14.40;1745.00;5.67;0
40;synthetic_refinery;981.00;14.05;1736.00;3.51;0
40;radar_station;973.00;14.48;1746.00;4.72;0
40;rocket_site;978.00;14.98;1737.00;1.46;0
40;nuclear_reactor;986.00;15.45;1745.00;4.12;0
41;arms_factory;1016.00;15.60;1722.00;6.11;0
41;arms_factory;1011.00;13.65;1727.00;2.49;0
41;arms_factory;993.00;15.63;1736.00;5.51;0
41;arms_factory;996.00;13.82;1744.00;0.43;0
41;arms_factory;1011.00;14.93;1749.00;4.56;0
41;arms_factory;1004.00;12.98;1724.00;0.94;0
41;industrial_complex;1003.00;12.95;1732.00;2.50;0
41;industrial_complex;1012.00;14.88;1737.00;5.16;0
41;industrial_complex;997.00;13.30;1746.00;3.00;0
41;industrial_complex;1004.00;13.35;1721.00;4.21;0
41;industrial_complex;999.00;13.60;1726.00;0.94;0
41;industrial_complex;1002.00;13.10;1734.00;5.07;0
41;air_base;1004.00;14.23;1742.00;6.28;0
41;bunker;997.00;13.20;1748.00;4.12;0
41;anti_air_building;1017.00;15.55;1722.00;5.67;0
41;anti_air_building;992.00;15.10;1731.00;3.51;0
41;anti_air_building;995.00;15.25;1736.00;4.72;0
41;synthetic_refinery;1006.00;14.40;1744.00;1.46;0
41;radar_station;1001.00;13.75;1720.00;4.12;0
41;rocket_site;1014.00;15.35;1724.00;0.50;0
41;nuclear_reactor;1013.00;14.60;1732.00;3.17;0
42;arms_factory;968.00;14.28;1761.00;5.51;0
42;arms_factory;988.00;14.13;1767.00;0.43;0
42;arms_factory;971.00;14.57;1765.00;4.56;0
42;arms_factory;986.00;13.38;1765.00;0.94;0
42;arms_factory;981.00;13.53;1772.00;2.50;0
42;arms_factory;986.00;13.28;1763.00;5.16;0
42;industrial_complex;980.00;13.48;1770.00;3.00;0
42;industrial_complex;968.00;14.20;1778.00;4.21;0
42;industrial_complex;978.00;14.30;1768.00;0.94;0
42;industrial_complex;975.00;13.23;1775.00;5.07;0
42;industrial_complex;965.00;14.55;1776.00;6.28;0
42;industrial_complex;970.00;14.50;1773.00;4.12;0
42;air_base;971.00;14.13;1782.00;5.67;0
42;bunker;972.00;14.40;1783.00;3.51;0
42;anti_air_building;966.00;14.38;1779.00;4.72;0
42;anti_air_building;959.00;13.90;1780.00;1.46;0
42;anti_air_building;973.00;14.35;1756.00;4.12;0
42;synthetic_refinery;962.00;14.18;1777.00;0.50;0
42;radar_station;971.00;13.93;1754.00;3.17;0
42;rocket_site;988.00;13.43;1760.00;6.18;0
42;nuclear_reactor;966.00;14.30;1786.00;2.57;0
43;arms_factory;903.00;14.03;1741.00;4.56;0
43;arms_factory;901.00;14.68;1747.00;0.94;0
43;arms_factory;903.00;12.85;1755.00;2.50;0
43;arms_factory;905.00;13.35;1752.00;5.16;0
43;arms_factory;904.00;14.55;1744.00;3.00;0
43;arms_factory;899.00;14.23;1752.00;4.21;0
43;industrial_complex;892.00;12.98;1750.00;0.94;0
43;industrial_complex;898.00;13.78;1741.00;5.07;0
43;industrial_complex;896.00;13.80;1747.00;6.28;0
43;industrial_complex;895.00;13.28;1747.00;4.12;0
43;industrial_complex;897.00;13.45;1755.00;5.67;0
43;industrial_complex;899.00;14.68;1744.00;3.51;0
43;air_base;898.00;14.32;1744.00;4.72;0
43;bunker;902.00;14.65;1749.00;1.46;0
43;anti_air_building;898.00;13.35;1740.00;4.12;0
43;anti_air_building;898.00;13.40;1755.00;0.50;0
43;anti_air_building;905.00;14.20;1746.00;3.17;0
43;synthetic_refinery;903.00;13.13;1754.00;6.18;0
43;radar_station;893.00;13.45;1752.00;2.57;0
43;rocket_site;907.00;13.55;1743.00;5.23;0
43;nuclear_reactor;897.00;14.25;1749.00;3.07;0
44;arms_factory;919.00;13.10;1836.00;2.50;0
44;arms_factory;889.00;12.88;1860.00;5.16;0
44;arms_factory;913.00;12.30;1826.00;3.00;0
44;arms_factory;921.00;12.78;1849.00;4.21;0
44;arms_factory;922.00;12.20;1868.00;0.94;0
44;arms_factory;900.00;12.10;1841.00;5.07;0
44;industrial_complex;917.00;12.10;1824.00;6.28;0
44;industrial_complex;904.00;11.30;1832.00;4.12;0
44;industrial_complex;894.00;12.70;1853.00;5.67;0
44;industrial_complex;925.00;13.45;1839.00;3.51;0
44;industrial_complex;913.00;13.10;1845.00;4.72;0
44;industrial_complex;920.00;13.13;1830.00;1.46;0
44;air_base;898.00;12.95;1852.00;4.12;0
44;bunker;938.00;13.53;1809.00;0.50;0
44;anti_air_building;906.00;12.80;1844.00;3.17;0
44;anti_air_building;911.00;12.55;1861.00;6.18;0
44;anti_air_building;912.00;12.32;1835.00;2.57;0
44;synthetic_refinery;910.00;13.00;1855.00;5.23;0
44;radar_station;899.00;12.07;1843.00;3.07;0
44;rocket_site;917.00;12.75;1848.00;3.17;0
44;nuclear_reactor;901.00;12.38;1864.00;1.01;0
45;arms_factory;862.00;13.53;1799.00;3.00;0
45;arms_factory;872.00;12.40;1786.00;4.21;0
45;arms_factory;853.00;12.65;1814.00;0.94;0
45;arms_factory;867.00;13.25;1802.00;5.07;0
45;arms_factory;875.00;12.28;1788.00;6.28;0
45;arms_factory;862.00;12.45;1817.00;4.12;0
45;industrial_complex;862.00;13.13;1805.00;5.67;0
45;industrial_complex;855.00;12.82;1792.00;3.51;0
45;industrial_complex;878.00;12.40;1783.00;4.72;0
45;industrial_complex;854.00;12.68;1807.00;1.46;0
45;industrial_complex;857.00;13.20;1795.00;4.12;0
45;industrial_complex;866.00;12.53;1786.00;0.50;0
45;air_base;849.00;12.35;1810.00;3.17;0
45;bunker;858.00;13.70;1798.00;6.18;0
45;anti_air_building;871.00;12.35;1789.00;2.57;0
45;anti_air_building;852.00;12.63;1813.00;5.23;0
45;anti_air_building;860.00;13.75;1800.00;3.07;0
45;synthetic_refinery;852.00;12.73;1793.00;3.17;0
45;radar_station;855.00;12.25;1816.00;1.01;0
45;rocket_site;863.00;13.45;1803.00;3.68;0
45;nuclear_reactor;853.00;12.80;1796.00;0.06;0
46;arms_factory;889.00;13.80;1758.00;0.94;0
46;arms_factory;893.00;12.93;1775.00;5.07;0
46;arms_factory;877.00;15.93;1759.00;6.28;0
46;arms_factory;903.00;12.95;1762.00;4.12;0
46;arms_factory;879.00;15.35;1758.00;5.67;0
46;arms_factory;881.00;15.40;1763.00;3.51;0
46;industrial_complex;893.00;14.13;1766.00;4.72;0
46;industrial_complex;899.00;12.43;1770.00;1.46;0
46;industrial_complex;899.00;13.32;1766.00;4.12;0
46;industrial_complex;887.00;14.40;1756.00;0.50;0
46;industrial_complex;881.00;13.75;1774.00;3.17;0
46;industrial_complex;889.00;13.90;1770.00;6.18;0
46;air_base;891.00;13.63;1761.00;2.57;0
46;bunker;877.00;15.28;1756.00;5.23;0
46;anti_air_building;898.00;13.65;1761.00;3.07;0
46;anti_air_building;880.00;15.25;1765.00;3.17;0
46;anti_air_building;882.00;15.20;1761.00;1.01;0
46;synthetic_refinery;887.00;14.65;1765.00;3.68;0
46;radar_station;899.00;12.85;1768.00;0.06;0
46;rocket_site;900.00;12.25;1772.00;1.62;0
46;nuclear_reactor;878.00;14.57;1769.00;5.74;0
47;arms_factory;872.00;11.38;1828.00;6.28;0
47;arms_factory;861.00;11.45;1845.00;4.12;0
47;arms_factory;845.00;12.57;1849.00;5.67;0
47;arms_factory;853.00;11.75;1849.00;3.51;0
47;arms_factory;844.00;11.80;1832.00;4.72;0
47;arms_factory;851.00;12.00;1832.00;1.46;0
47;industrial_complex;886.00;11.40;1835.00;4.12;0
47;industrial_complex;843.00;12.43;1849.00;0.50;0
47;industrial_complex;871.00;12.40;1853.00;3.17;0
47;industrial_complex;846.00;12.20;1820.00;6.18;0
47;industrial_complex;876.00;11.65;1835.00;2.57;0
47;industrial_complex;850.00;12.15;1839.00;5.23;0
47;air_base;857.00;12.30;1839.00;3.07;0
47;bunker;874.00;12.40;1863.00;3.17;0
47;anti_air_building;844.00;11.88;1825.00;1.01;0
47;anti_air_building;851.00;12.20;1825.00;3.68;0
47;anti_air_building;863.00;11.38;1842.00;0.06;0
47;synthetic_refinery;870.00;11.65;1842.00;1.62;0
47;radar_station;893.00;11.75;1845.00;5.74;0
47;rocket_site;879.00;11.55;1828.00;0.67;0
47;nuclear_reactor;886.00;11.35;1828.00;3.68;0
48;arms_factory;823.00;13.75;1894.00;5.67;0
48;arms_factory;811.00;12.57;1882.00;3.51;0
48;arms_factory;835.00;13.18;1875.00;4.72;0
48;arms_factory;850.00;13.10;1865.00;1.46;0
48;arms_factory;812.00;13.05;1885.00;4.12;0
48;arms_factory;822.00;13.80;1903.00;0.50;0
48;industrial_complex;829.00;12.75;1868.00;3.17;0
48;industrial_complex;810.00;13.10;1888.00;6.18;0
48;industrial_complex;838.00;13.53;1905.00;2.57;0
48;industrial_complex;842.00;12.95;1870.00;5.23;0
48;industrial_complex;819.00;12.38;1860.00;3.07;0
48;industrial_complex;798.00;11.10;1909.00;3.17;0
48;air_base;849.00;13.35;1872.00;1.01;0
48;bunker;837.00;12.43;1862.00;3.68;0
48;anti_air_building;839.00;12.07;1854.00;0.06;0
48;anti_air_building;823.00;13.73;1900.00;1.62;0
48;anti_air_building;820.00;12.43;1865.00;5.74;0
48;synthetic_refinery;830.00;12.13;1858.00;0.67;0
48;radar_station;836.00;14.15;1902.00;3.68;0
48;rocket_site;840.00;12.50;1867.00;1.52;0
48;nuclear_reactor;814.00;13.10;1884.00;4.19;0
49;arms_factory;906.00;13.03;1808.00;4.72;0
49;arms_factory;920.00;13.43;1806.00;1.46;0
49;arms_factory;898.00;12.48;1817.00;4.12;0
49;arms_factory;912.00;12.80;1816.00;0.50;0
49;arms_factory;921.00;13.15;1801.00;3.17;0
49;arms_factory;920.00;13.55;1812.00;6.18;0
49;industrial_complex;907.00;12.85;1812.00;2.57;0
49;industrial_complex;898.00;11.60;1827.00;5.23;0
49;industrial_complex;903.00;12.20;1823.00;3.07;0
49;industrial_complex;913.00;13.10;1808.00;3.17;0
49;industrial_complex;903.00;12.45;1819.00;1.01;0
49;industrial_complex;906.00;12.68;1817.00;3.68;0
49;air_base;899.00;11.80;1804.00;0.06;0
49;bunker;904.00;12.23;1802.00;1.62;0
49;anti_air_building;893.00;11.50;1813.00;5.74;0
49;anti_air_building;918.00;12.73;1798.00;0.67;0
49;anti_air_building;905.00;11.75;1827.00;3.68;0
49;synthetic_refinery;902.00;12.43;1809.00;1.52;0
49;radar_station;921.00;13.55;1808.00;4.19;0
49;rocket_site;910.00;12.63;1819.00;0.57;0
49;nuclear_reactor;919.00;13.25;1804.00;2.13;0
50;arms_factory;940.00;13.98;1788.00;4.12;0
50;arms_factory;945.00;13.05;1781.00;0.50;0
50;arms_factory;944.00;14.05;1793.00;3.17;0
50;arms_factory;942.00;13.80;1803.00;6.18;0
50;arms_factory;937.00;14.75;1798.00;2.57;0
50;arms_factory;954.00;13.55;1783.00;5.23;0
50;industrial_complex;931.00;14.63;1804.00;3.07;0
50;industrial_complex;946.00;13.55;1789.00;3.17;0
50;industrial_complex;953.00;14.18;1799.00;1.01;0
50;industrial_complex;951.00;13.98;1795.00;3.68;0
50;industrial_complex;950.00;14.23;1804.00;0.06;0
50;industrial_complex;935.00;14.75;1800.00;1.62;0
50;air_base;948.00;13.85;1786.00;5.74;0
50;bunker;940.00;14.57;1796.00;0.67;0
50;anti_air_building;952.00;14.35;1791.00;3.68;0
50;anti_air_building;951.00;14.13;1801.00;1.52;0
50;anti_air_building;956.00;14.28;1796.00;4.19;0
50;synthetic_refinery;945.00;13.05;1781.00;0.57;0
50;radar_station;944.00;14.05;1793.00;2.13;0
50;rocket_site;954.00;14.05;1787.00;6.25;0
50;nuclear_reactor;938.00;14.73;1798.00;1.17;0
51;arms_factory;923.00;12.70;1778.00;3.17;0
51;arms_factory;925.00;12.93;1785.00;6.18;0
51;arms_factory;922.00;12.75;1768.00;2.57;0
51;arms_factory;924.00;12.90;1777.00;5.23;0
51;arms_factory;909.00;12.60;1768.00;3.07;0
51;arms_factory;915.00;12.43;1767.00;3.17;0
51;industrial_complex;924.00;12.95;1776.00;1.01;0
51;industrial_complex;920.00;12.63;1766.00;3.68;0
51;industrial_complex;908.00;13.07;1765.00;0.06;0
51;industrial_complex;923.00;13.13;1787.00;1.62;0
51;industrial_complex;904.00;12.00;1795.00;5.74;0
51;industrial_complex;919.00;12.35;1794.00;0.67;0
51;air_base;927.00;13.28;1786.00;3.68;0
51;bunker;927.00;13.57;1793.00;1.52;0
51;anti_air_building;929.00;12.95;1778.00;4.19;0
51;anti_air_building;901.00;11.82;1786.00;0.57;0
51;anti_air_building;901.00;12.00;1793.00;2.13;0
51;synthetic_refinery;929.00;12.90;1777.00;6.25;0
51;radar_station;905.00;11.95;1785.00;1.17;0
51;rocket_site;916.00;12.30;1777.00;5.30;0
51;nuclear_reactor;929.00;12.80;1776.00;0.58;0
52;arms_factory;892.00;11.95;1805.00;2.57;0
52;arms_factory;892.00;12.28;1781.00;5.23;0
52;arms_factory;879.00;12.50;1802.00;3.07;0
52;arms_factory;895.00;12.20;1786.00;3.17;0
52;arms_factory;893.00;11.98;1802.00;1.01;0
52;arms_factory;886.00;12.32;1782.00;3.68;0
52;industrial_complex;873.00;12.50;1807.00;0.06;0
52;industrial_complex;888.00;12.78;1787.00;1.62;0
52;industrial_complex;882.00;12.65;1803.00;5.74;0
52;industrial_complex;884.00;12.50;1788.00;0.67;0
52;industrial_complex;884.00;12.50;1807.00;3.68;0
52;industrial_complex;893.00;12.38;1783.00;1.52;0
52;air_base;884.00;12.13;1811.00;4.19;0
52;bunker;895.00;12.13;1788.00;0.57;0
52;anti_air_building;885.00;12.57;1804.00;2.13;0
52;anti_air_building;881.00;12.60;1794.00;6.25;0
52;anti_air_building;885.00;12.40;1808.00;1.17;0
52;synthetic_refinery;889.00;12.78;1789.00;5.30;0
52;radar_station;888.00;11.73;1812.00;0.58;0
52;rocket_site;886.00;12.78;1790.00;3.24;0
52;nuclear_reactor;873.00;12.40;1809.00;5.91;0
53;arms_factory;920.00;12.45;1741.00;3.07;0
53;arms_factory;927.00;13.15;1762.00;3.17;0
53;arms_factory;914.00;13.13;1743.00;1.01;0
53;arms_factory;925.00;12.63;1753.00;3.68;0
53;arms_factory;910.00;13.10;1752.00;0.06;0
53;arms_factory;920.00;12.57;1762.00;1.62;0
53;industrial_complex;921.00;12.35;1742.00;5.74;0
53;industrial_complex;919.00;12.65;1763.00;0.67;0
53;industrial_complex;936.00;12.45;1751.00;3.68;0
53;industrial_complex;909.00;13.25;1754.00;1.52;0
53;industrial_complex;920.00;12.35;1760.00;4.19;0
53;industrial_complex;934.00;12.60;1762.00;0.57;0
53;air_base;920.00;12.32;1743.00;2.13;0
53;bunker;915.00;12.57;1750.00;6.25;0
53;anti_air_building;917.00;13.03;1752.00;1.17;0
53;anti_air_building;927.00;13.15;1762.00;5.30;0
53;anti_air_building;933.00;12.53;1760.00;0.58;0
53;synthetic_refinery;926.00;13.35;1763.00;3.24;0
53;radar_station;910.00;13.10;1752.00;5.91;0
53;rocket_site;929.00;12.48;1750.00;3.74;0
53;nuclear_reactor;926.00;12.82;1760.00;5.30;0
54;arms_factory;958.00;13.20;1750.00;1.01;0
54;arms_factory;958.00;13.20;1750.00;3.68;0
54;arms_factory;955.00;12.98;1762.00;0.06;0
54;arms_factory;955.00;12.98;1762.00;1.62;0
54;arms_factory;957.00;13.35;1753.00;5.74;0
54;arms_factory;949.00;12.35;1765.00;0.67;0
54;industrial_complex;949.00;12.35;1765.00;3.68;0
54;industrial_complex;955.00;12.73;1756.00;1.52;0
54;industrial_complex;933.00;12.38;1776.00;4.19;0
54;industrial_complex;936.00;12.53;1768.00;0.57;0
54;industrial_complex;954.00;12.88;1759.00;2.13;0
54;industrial_complex;964.00;12.65;1747.00;6.25;0
54;air_base;947.00;12.90;1770.00;1.17;0
54;bunker;947.00;12.90;1770.00;5.30;0
54;anti_air_building;962.00;14.20;1750.00;0.58;0
54;anti_air_building;937.00;13.35;1773.00;3.24;0
54;anti_air_building;937.00;13.35;1773.00;5.91;0
54;synthetic_refinery;961.00;14.45;1753.00;3.74;0
54;radar_station;961.00;14.45;1753.00;5.30;0
54;rocket_site;933.00;12.38;1776.00;1.68;0
54;nuclear_reactor;939.00;11.95;1757.00;5.81;0
55;arms_factory;858.00;13.28;1877.00;0.06;0
55;arms_factory;843.00;13.98;1889.00;1.62;0
55;arms_factory;856.00;13.25;1876.00;5.74;0
55;arms_factory;879.00;13.85;1898.00;0.67;0
55;arms_factory;857.00;13.03;1868.00;3.68;0
55;arms_factory;875.00;14.05;1897.00;1.52;0
55;industrial_complex;874.00;14.30;1906.00;4.19;0
55;industrial_complex;840.00;13.80;1892.00;0.57;0
55;industrial_complex;860.00;13.15;1879.00;2.13;0
55;industrial_complex;874.00;13.30;1886.00;6.25;0
55;industrial_complex;865.00;12.70;1873.00;1.17;0
55;industrial_complex;878.00;13.90;1885.00;5.30;0
55;air_base;875.00;13.60;1911.00;0.58;0
55;bunker;846.00;13.60;1895.00;3.24;0
55;anti_air_building;869.00;14.65;1909.00;5.91;0
55;anti_air_building;869.00;13.60;1889.00;3.74;0
55;anti_air_building;846.00;13.07;1902.00;5.30;0
55;synthetic_refinery;870.00;13.43;1888.00;1.68;0
55;radar_station;861.00;12.70;1869.00;5.81;0
55;rocket_site;860.00;13.20;1883.00;0.74;0
55;nuclear_reactor;872.00;12.15;1866.00;3.75;0
56;arms_factory;1087.00;13.25;1730.00;5.74;0
56;arms_factory;1086.00;12.93;1735.00;0.67;0
56;arms_factory;1085.00;11.80;1754.00;3.68;0
56;arms_factory;1085.00;12.30;1751.00;1.52;0
56;arms_factory;1079.00;12.43;1740.00;4.19;0
56;arms_factory;1062.00;12.60;1738.00;0.57;0
56;industrial_complex;1072.00;12.98;1735.00;2.13;0
56;industrial_complex;1081.00;12.68;1724.00;6.25;0
56;industrial_complex;1069.00;13.15;1722.00;1.17;0
56;industrial_complex;1065.00;12.25;1740.00;5.30;0
56;industrial_complex;1083.00;12.15;1744.00;0.58;0
56;industrial_complex;1068.00;11.73;1742.00;3.24;0
56;air_base;1068.00;13.38;1724.00;5.91;0
56;bunker;1080.00;13.32;1728.00;3.74;0
56;anti_air_building;1088.00;12.13;1746.00;5.30;0
56;anti_air_building;1070.00;11.70;1744.00;1.68;0
56;anti_air_building;1072.00;11.65;1749.00;5.81;0
56;synthetic_refinery;1082.00;13.13;1730.00;0.74;0
56;radar_station;1066.00;12.70;1728.00;3.75;0
56;rocket_site;1081.00;12.48;1754.00;0.13;0
56;nuclear_reactor;1081.00;12.35;1751.00;4.25;0
57;arms_factory;1053.00;13.05;1721.00;3.68;0
57;arms_factory;1044.00;12.63;1727.00;1.52;0
57;arms_factory;1049.00;11.98;1740.00;4.19;0
57;arms_factory;1053.00;11.90;1746.00;0.57;0
57;arms_factory;1043.00;13.00;1723.00;2.13;0
57;arms_factory;1045.00;13.00;1736.00;6.25;0
57;industrial_complex;1038.00;13.43;1742.00;1.17;0
57;industrial_complex;1052.00;13.07;1736.00;5.30;0
57;industrial_complex;1028.00;13.00;1733.00;0.58;0
57;industrial_complex;1026.00;13.60;1738.00;3.24;0
57;industrial_complex;1035.00;13.35;1733.00;5.91;0
57;industrial_complex;1045.00;12.73;1729.00;3.74;0
57;air_base;1040.00;12.70;1724.00;5.30;0
57;bunker;1052.00;12.53;1729.00;1.68;0
57;anti_air_building;1052.00;12.68;1725.00;5.81;0
57;anti_air_building;1046.00;12.88;1750.00;0.74;0
57;anti_air_building;1022.00;15.05;1726.00;3.75;0
57;synthetic_refinery;1056.00;12.85;1738.00;0.13;0
57;radar_station;1026.00;13.13;1745.00;4.25;0
57;rocket_site;1028.00;13.20;1739.00;4.35;0
57;nuclear_reactor;1027.00;13.32;1735.00;2.20;0
58;arms_factory;1009.00;15.10;1753.00;4.19;0
58;arms_factory;1019.00;13.85;1751.00;0.57;0
58;arms_factory;1020.00;13.70;1749.00;2.13;0
58;arms_factory;1015.00;14.00;1760.00;6.25;0
58;arms_factory;1014.00;14.38;1759.00;1.17;0
58;arms_factory;997.00;14.63;1764.00;5.30;0
58;industrial_complex;1011.00;13.70;1767.00;0.58;0
58;industrial_complex;1013.00;13.32;1766.00;3.24;0
58;industrial_complex;1000.00;15.15;1770.00;5.91;0
58;industrial_complex;1005.00;14.85;1773.00;3.74;0
58;industrial_complex;1006.00;14.15;1776.00;5.30;0
58;industrial_complex;988.00;15.30;1776.00;1.68;0
58;air_base;1011.00;13.55;1778.00;5.81;0
58;bunker;1002.00;14.50;1781.00;0.74;0
58;anti_air_building;1011.00;13.50;1780.00;3.75;0
58;anti_air_building;1021.00;13.45;1749.00;0.13;0
58;anti_air_building;1019.00;14.25;1747.00;4.25;0
58;synthetic_refinery;1009.00;15.07;1754.00;4.35;0
58;radar_station;1013.00;14.73;1758.00;2.20;0
58;rocket_site;1014.00;14.65;1757.00;4.86;0
58;nuclear_reactor;1016.00;13.63;1761.00;1.24;0
59;arms_factory;982.00;15.40;1789.00;2.13;0
59;arms_factory;983.00;15.05;1786.00;6.25;0
59;arms_factory;976.00;15.25;1786.00;1.17;0
59;arms_factory;972.00;14.28;1807.00;5.30;0
59;arms_factory;955.00;14.65;1819.00;0.58;0
59;arms_factory;948.00;14.60;1819.00;3.24;0
59;industrial_complex;984.00;13.60;1804.00;5.91;0
59;industrial_complex;957.00;14.35;1815.00;3.74;0
59;industrial_complex;973.00;14.85;1802.00;5.30;0
59;industrial_complex;966.00;14.05;1802.00;1.68;0
59;industrial_complex;972.00;13.30;1812.00;5.81;0
59;industrial_complex;982.00;14.57;1799.00;0.74;0
59;air_base;974.00;15.18;1799.00;3.75;0
59;bunker;970.00;14.55;1797.00;0.13;0
59;anti_air_building;962.00;14.75;1797.00;4.25;0
59;anti_air_building;946.00;14.45;1817.00;4.35;0
59;anti_air_building;980.00;15.40;1794.00;2.20;0
59;synthetic_refinery;973.00;14.98;1794.00;4.86;0
59;radar_station;945.00;14.63;1814.00;1.24;0
59;rocket_site;986.00;15.25;1791.00;4.26;0
59;nuclear_reactor;974.00;13.35;1811.00;0.64;0
60;arms_factory;1029.00;12.88;1774.00;1.17;0
60;arms_factory;1021.00;13.32;1766.00;5.30;0
60;arms_factory;1044.00;12.53;1762.00;0.58;0
60;arms_factory;1044.00;12.55;1755.00;3.24;0
60;arms_factory;1027.00;12.73;1777.00;5.91;0
60;arms_factory;1033.00;12.57;1772.00;3.74;0
60;industrial_complex;1039.00;12.28;1764.00;5.30;0
60;industrial_complex;1031.00;13.63;1757.00;1.68;0
60;industrial_complex;1039.00;12.78;1754.00;5.81;0
60;industrial_complex;1027.00;12.85;1775.00;0.74;0
60;industrial_complex;1023.00;13.40;1765.00;3.75;0
60;industrial_complex;1033.00;13.63;1763.00;0.13;0
60;air_base;1028.00;13.13;1756.00;4.25;0
60;bunker;1034.00;12.50;1778.00;4.35;0
60;anti_air_building;1032.00;12.65;1773.00;2.20;0
60;anti_air_building;1046.00;12.48;1763.00;4.86;0
60;anti_air_building;1052.00;12.30;1757.00;1.24;0
60;synthetic_refinery;1060.00;12.13;1754.00;4.26;0
60;radar_station;1027.00;12.78;1776.00;0.64;0
60;rocket_site;1045.00;12.32;1765.00;3.31;0
60;nuclear_reactor;1029.00;13.28;1758.00;5.98;0
61;arms_factory;1023.00;12.40;1807.00;0.58;0
61;arms_factory;1022.00;12.57;1798.00;3.24;0
61;arms_factory;1012.00;12.65;1799.00;5.91;0
61;arms_factory;1022.00;12.60;1794.00;3.74;0
61;arms_factory;1013.00;12.68;1795.00;5.30;0
61;arms_factory;1020.00;12.65;1788.00;1.68;0
61;industrial_complex;1021.00;12.50;1805.00;5.81;0
61;industrial_complex;1028.00;12.30;1806.00;0.74;0
61;industrial_complex;1010.00;12.60;1798.00;3.75;0
61;industrial_complex;1028.00;12.40;1800.00;0.13;0
61;industrial_complex;1011.00;12.70;1794.00;4.25;0
61;industrial_complex;1034.00;12.40;1794.00;4.35;0
61;air_base;1036.00;12.40;1789.00;2.20;0
61;bunker;1027.00;12.40;1804.00;4.86;0
61;anti_air_building;1017.00;12.48;1806.00;1.24;0
61;anti_air_building;1020.00;12.60;1799.00;4.26;0
61;anti_air_building;1017.00;12.57;1800.00;0.64;0
61;synthetic_refinery;1032.00;12.40;1793.00;3.31;0
61;radar_station;1021.00;12.68;1785.00;5.98;0
61;rocket_site;1025.00;12.50;1789.00;2.71;0
61;nuclear_reactor;1016.00;12.53;1804.00;3.91;0
62;arms_factory;1052.00;12.40;1775.00;5.91;0
62;arms_factory;1079.00;12.25;1772.00;3.74;0
62;arms_factory;1074.00;12.10;1762.00;5.30;0
62;arms_factory;1074.00;12.05;1770.00;1.68;0
62;arms_factory;1088.00;12.07;1767.00;5.81;0
62;arms_factory;1059.00;12.20;1784.00;0.74;0
62;industrial_complex;1068.00;12.10;1765.00;3.75;0
62;industrial_complex;1066.00;12.00;1771.00;0.13;0
62;industrial_complex;1050.00;12.30;1778.00;4.25;0
62;industrial_complex;1057.00;12.32;1769.00;4.35;0
62;industrial_complex;1066.00;11.95;1766.00;2.20;0
62;industrial_complex;1064.00;12.15;1773.00;4.86;0
62;air_base;1075.00;12.35;1763.00;1.24;0
62;bunker;1055.00;12.20;1789.00;4.26;0
62;anti_air_building;1077.00;11.55;1776.00;0.64;0
62;anti_air_building;1060.00;12.20;1785.00;3.31;0
62;anti_air_building;1062.00;12.00;1766.00;5.98;0
62;synthetic_refinery;1051.00;12.30;1772.00;2.71;0
62;radar_station;1045.00;12.23;1779.00;3.91;0
62;rocket_site;1046.00;12.28;1770.00;1.75;0
62;nuclear_reactor;1060.00;12.10;1767.00;4.42;0
63;arms_factory;1069.00;11.30;1798.00;5.30;0
63;arms_factory;1080.00;11.30;1790.00;1.68;0
63;arms_factory;1074.00;11.20;1813.00;5.81;0
63;arms_factory;1073.00;11.40;1790.00;0.74;0
63;arms_factory;1088.00;12.07;1777.00;3.75;0
63;arms_factory;1085.00;11.30;1789.00;0.13;0
63;industrial_complex;1078.00;11.10;1817.00;4.25;0
63;industrial_complex;1069.00;11.43;1794.00;4.35;0
63;industrial_complex;1071.00;11.20;1817.00;2.20;0
63;industrial_complex;1076.00;11.23;1809.00;4.86;0
63;industrial_complex;1079.00;11.40;1785.00;1.24;0
63;industrial_complex;1088.00;11.20;1808.00;4.26;0
63;air_base;1073.00;11.50;1785.00;0.64;0
63;bunker;1071.00;11.20;1813.00;3.31;0
63;anti_air_building;1078.00;11.20;1805.00;5.98;0
63;anti_air_building;1085.00;11.20;1812.00;2.71;0
63;anti_air_building;1072.00;11.30;1805.00;3.91;0
63;synthetic_refinery;1075.00;11.15;1817.00;1.75;0
63;radar_station;1084.00;11.15;1804.00;4.42;0
63;rocket_site;1069.00;11.30;1797.00;5.98;0
63;nuclear_reactor;1073.00;11.30;1809.00;2.36;0
64;arms_factory;1062.00;11.90;1814.00;5.81;0
64;arms_factory;1045.00;12.00;1808.00;0.74;0
64;arms_factory;1045.00;12.10;1795.00;3.75;0
64;arms_factory;1052.00;12.00;1799.00;0.13;0
64;arms_factory;1051.00;11.90;1813.00;4.25;0
64;arms_factory;1041.00;12.00;1807.00;4.35;0
64;industrial_complex;1038.00;12.00;1805.00;2.20;0
64;industrial_complex;1055.00;11.80;1819.00;4.86;0
64;industrial_complex;1041.00;12.00;1812.00;1.24;0
64;industrial_complex;1066.00;11.50;1809.00;4.26;0
64;industrial_complex;1065.00;11.80;1803.00;0.64;0
64;industrial_complex;1039.00;11.93;1818.00;3.31;0
64;air_base;1035.00;12.00;1806.00;5.98;0
64;bunker;1061.00;11.90;1808.00;2.71;0
64;anti_air_building;1062.00;11.90;1795.00;3.91;0
64;anti_air_building;1055.00;11.88;1816.00;1.75;0
64;anti_air_building;1039.00;12.00;1814.00;4.42;0
64;synthetic_refinery;1053.00;11.90;1802.00;5.98;0
64;radar_station;1065.00;11.90;1793.00;2.36;0
64;rocket_site;1052.00;11.90;1820.00;0.20;0
64;nuclear_reactor;1057.00;11.90;1812.00;3.22;0
65;arms_factory;957.00;12.05;1844.00;3.75;0
65;arms_factory;937.00;11.80;1872.00;0.13;0
65;arms_factory;941.00;11.82;1862.00;4.25;0
65;arms_factory;952.00;11.88;1866.00;4.35;0
65;arms_factory;957.00;12.90;1831.00;2.20;0
65;arms_factory;945.00;13.68;1825.00;4.86;0
65;industrial_complex;939.00;14.03;1829.00;1.24;0
65;industrial_complex;962.00;12.30;1842.00;4.26;0
65;industrial_complex;953.00;12.03;1846.00;0.64;0
65;industrial_complex;942.00;12.85;1840.00;3.31;0
65;industrial_complex;979.00;12.53;1833.00;5.98;0
65;industrial_complex;959.00;11.75;1857.00;2.71;0
65;air_base;942.00;12.15;1851.00;3.91;0
65;bunker;936.00;12.00;1855.00;1.75;0
65;anti_air_building;947.00;11.80;1875.00;4.42;0
65;anti_air_building;969.00;11.75;1862.00;5.98;0
65;anti_air_building;943.00;12.25;1867.00;2.36;0
65;synthetic_refinery;937.00;13.70;1832.00;0.20;0
65;radar_station;973.00;12.65;1835.00;3.22;0
65;rocket_site;967.00;12.73;1829.00;4.42;0
65;nuclear_reactor;943.00;12.50;1843.00;2.26;0
66;arms_factory;1042.00;11.65;1866.00;4.25;0
66;arms_factory;1064.00;10.25;1906.00;4.35;0
66;arms_factory;1060.00;10.57;1895.00;2.20;0
66;arms_factory;1040.00;11.63;1875.00;4.86;0
66;arms_factory;1064.00;10.28;1914.00;1.24;0
66;arms_factory;1062.00;10.30;1900.00;4.26;0
66;industrial_complex;1052.00;11.32;1889.00;0.64;0
66;industrial_complex;1045.00;11.65;1857.00;3.31;0
66;industrial_complex;1056.00;10.65;1895.00;5.98;0
66;industrial_complex;1016.00;11.65;1894.00;2.71;0
66;industrial_complex;1037.00;11.60;1872.00;3.91;0
66;industrial_complex;1049.00;11.93;1911.00;1.75;0
66;air_base;1062.00;10.32;1898.00;4.42;0
66;bunker;1008.00;11.70;1880.00;5.98;0
66;anti_air_building;1070.00;9.90;1927.00;2.36;0
66;anti_air_building;1038.00;12.00;1904.00;0.20;0
66;anti_air_building;1031.00;11.50;1892.00;3.22;0
66;synthetic_refinery;1024.00;11.73;1869.00;4.42;0
66;radar_station;1041.00;11.85;1911.00;2.26;0
66;rocket_site;1013.00;11.43;1897.00;4.93;0
66;nuclear_reactor;1032.00;11.60;1877.00;0.21;0
67;arms_factory;1072.00;11.30;1860.00;2.20;0
67;arms_factory;1058.00;11.00;1878.00;4.86;0
67;arms_factory;1069.00;10.43;1890.00;1.24;0
67;arms_factory;1088.00;11.30;1856.00;4.26;0
67;arms_factory;1071.00;11.10;1865.00;0.64;0
67;arms_factory;1067.00;10.75;1884.00;3.31;0
67;industrial_complex;1071.00;10.18;1915.00;5.98;0
67;industrial_complex;1061.00;11.30;1862.00;2.71;0
67;industrial_complex;1088.00;10.70;1879.00;3.91;0
67;industrial_complex;1071.00;10.60;1893.00;1.75;0
67;industrial_complex;1055.00;11.78;1859.00;4.42;0
67;industrial_complex;1076.00;10.90;1876.00;5.98;0
67;air_base;1073.00;10.53;1887.00;2.36;0
67;bunker;1082.00;11.30;1854.00;0.20;0
67;anti_air_building;1051.00;11.82;1864.00;3.22;0
67;anti_air_building;1084.00;10.70;1881.00;4.42;0
67;anti_air_building;1088.00;9.85;1929.00;2.26;0
67;synthetic_refinery;1082.00;11.15;1860.00;4.93;0
67;radar_station;1067.00;11.28;1878.00;0.21;0
67;rocket_site;1078.00;10.75;1903.00;2.87;0
67;nuclear_reactor;1069.00;11.23;1857.00;0.71;0
68;arms_factory;993.00;11.75;1898.00;1.24;0
68;arms_factory;989.00;12.15;1852.00;4.26;0
68;arms_factory;987.00;11.78;1896.00;0.64;0
68;arms_factory;1010.00;10.90;1920.00;3.31;0
68;arms_factory;1013.00;12.70;1848.00;5.98;0
68;arms_factory;1007.00;10.90;1919.00;2.71;0
68;industrial_complex;990.00;12.32;1847.00;3.91;0
68;industrial_complex;999.00;11.82;1888.00;1.75;0
68;industrial_complex;1001.00;13.57;1845.00;4.42;0
68;industrial_complex;1008.00;11.80;1870.00;5.98;0
68;industrial_complex;992.00;11.68;1916.00;2.36;0
68;industrial_complex;995.00;11.90;1869.00;0.20;0
68;air_base;987.00;11.35;1915.00;3.22;0
68;bunker;994.00;13.57;1840.00;4.42;0
68;anti_air_building;985.00;11.30;1904.00;2.26;0
68;anti_air_building;1003.00;13.40;1838.00;4.93;0
68;anti_air_building;991.00;11.75;1865.00;0.21;0
68;synthetic_refinery;1010.00;12.18;1836.00;2.87;0
68;radar_station;1023.00;11.90;1863.00;0.71;0
68;rocket_site;987.00;11.65;1898.00;1.92;0
68;nuclear_reactor;1010.00;11.70;1862.00;4.93;0
69;arms_factory;920.00;11.25;1874.00;0.64;0
69;arms_factory;946.00;12.40;1896.00;3.31;0
69;arms_factory;960.00;11.45;1915.00;5.98;0
69;arms_factory;954.00;12.20;1898.00;2.71;0
69;arms_factory;951.00;11.75;1917.00;3.91;0
69;arms_factory;931.00;11.40;1883.00;1.75;0
69;industrial_complex;943.00;11.85;1919.00;4.42;0
69;industrial_complex;961.00;12.00;1883.00;5.98;0
69;industrial_complex;970.00;11.88;1905.00;2.36;0
69;industrial_complex;914.00;11.40;1886.00;0.20;0
69;industrial_complex;976.00;11.35;1907.00;3.22;0
69;industrial_complex;945.00;10.80;1927.00;4.42;0
69;air_base;921.00;11.45;1908.00;2.26;0
69;bunker;924.00;10.50;1931.00;4.93;0
69;anti_air_building;974.00;11.30;1893.00;0.21;0
69;anti_air_building;957.00;11.53;1872.00;2.87;0
69;anti_air_building;903.00;11.90;1896.00;0.71;0
69;synthetic_refinery;917.00;11.03;1915.00;1.92;0
69;radar_station;911.00;11.63;1898.00;4.93;0
69;rocket_site;908.00;10.85;1917.00;1.32;0
69;nuclear_reactor;963.00;12.00;1882.00;3.98;0
70;arms_factory;992.00;13.00;1801.00;5.98;0
70;arms_factory;1007.00;13.15;1788.00;2.71;0
70;arms_factory;994.00;12.35;1812.00;3.91;0
70;arms_factory;1002.00;12.18;1807.00;1.75;0
70;arms_factory;1007.00;11.73;1820.00;4.42;0
70;arms_factory;1004.00;12.60;1804.00;5.98;0
70;industrial_complex;999.00;13.20;1795.00;2.36;0
70;industrial_complex;992.00;12.28;1814.00;0.20;0
70;industrial_complex;1004.00;12.03;1809.00;3.22;0
70;industrial_complex;1008.00;11.70;1823.00;4.42;0
70;industrial_complex;1001.00;12.20;1807.00;2.26;0
70;industrial_complex;992.00;13.15;1800.00;4.93;0
70;air_base;989.00;12.10;1817.00;0.21;0
70;bunker;1007.00;11.95;1811.00;2.87;0
70;anti_air_building;991.00;12.40;1826.00;0.71;0
70;anti_air_building;1003.00;12.05;1810.00;1.92;0
70;anti_air_building;989.00;13.10;1804.00;4.93;0
70;synthetic_refinery;990.00;12.00;1819.00;1.32;0
70;radar_station;1006.00;11.93;1814.00;3.98;0
70;rocket_site;1006.00;13.28;1789.00;1.82;0
70;nuclear_reactor;1006.00;12.00;1812.00;3.38;0
71;arms_factory;1021.00;11.63;1830.00;3.91;0
71;arms_factory;1020.00;11.82;1821.00;1.75;0
71;arms_factory;1029.00;11.90;1818.00;4.42;0
71;arms_factory;1049.00;11.35;1831.00;5.98;0
71;arms_factory;1035.00;11.90;1822.00;2.36;0
71;arms_factory;1025.00;12.00;1820.00;0.20;0
71;industrial_complex;1050.00;11.32;1830.00;3.22;0
71;industrial_complex;1019.00;11.60;1824.00;4.42;0
71;industrial_complex;1016.00;11.43;1822.00;2.26;0
71;industrial_complex;1047.00;11.70;1832.00;4.93;0
71;industrial_complex;1031.00;11.90;1825.00;0.21;0
71;industrial_complex;1021.00;11.95;1821.00;2.87;0
71;air_base;1024.00;12.20;1810.00;0.71;0
71;bunker;1042.00;11.75;1826.00;1.92;0
71;anti_air_building;1035.00;11.90;1822.00;4.93;0
71;anti_air_building;1025.00;12.00;1813.00;1.32;0
71;anti_air_building;1020.00;11.70;1826.00;3.98;0
71;synthetic_refinery;1020.00;11.80;1824.00;1.82;0
71;radar_station;1024.00;12.00;1815.00;3.38;0
71;rocket_site;1030.00;11.90;1827.00;6.04;0
71;nuclear_reactor;1032.00;11.90;1825.00;2.43;0
72;arms_factory;1046.00;12.28;1842.00;4.42;0
72;arms_factory;1027.00;12.13;1851.00;5.98;0
72;arms_factory;1063.00;11.07;1849.00;2.36;0
72;arms_factory;1023.00;12.00;1839.00;0.20;0
72;arms_factory;1036.00;12.60;1837.00;3.22;0
72;arms_factory;1050.00;12.45;1846.00;4.42;0
72;industrial_complex;1032.00;11.98;1861.00;2.26;0
72;industrial_complex;1031.00;12.10;1856.00;4.93;0
72;industrial_complex;1032.00;11.68;1843.00;0.21;0
72;industrial_complex;1054.00;11.30;1842.00;2.87;0
72;industrial_complex;1035.00;12.70;1851.00;0.71;0
72;industrial_complex;1043.00;11.95;1839.00;1.92;0
72;air_base;1030.00;11.93;1839.00;4.93;0
72;bunker;1027.00;11.98;1848.00;1.32;0
72;anti_air_building;1058.00;11.48;1846.00;3.98;0
72;anti_air_building;1032.00;12.00;1862.00;1.82;0
72;anti_air_building;1048.00;11.65;1844.00;3.38;0
72;synthetic_refinery;1040.00;12.73;1843.00;6.04;0
72;radar_station;1053.00;11.70;1852.00;2.43;0
72;rocket_site;1042.00;11.28;1851.00;5.45;0
72;nuclear_reactor;1050.00;11.88;1839.00;0.37;0
73;arms_factory;1065.00;11.18;1839.00;2.36;0
73;arms_factory;1064.00;11.20;1836.00;0.20;0
73;arms_factory;1078.00;10.90;1836.00;3.22;0
73;arms_factory;1072.00;11.20;1828.00;4.42;0
73;arms_factory;1087.00;11.10;1825.00;2.26;0
73;arms_factory;1065.00;11.10;1826.00;4.93;0
73;industrial_complex;1068.00;11.10;1844.00;0.21;0
73;industrial_complex;1057.00;11.32;1824.00;2.87;0
73;industrial_complex;1071.00;11.05;1841.00;0.71;0
73;industrial_complex;1083.00;11.07;1832.00;1.92;0
73;industrial_complex;1080.00;10.95;1838.00;4.93;0
73;industrial_complex;1071.00;11.15;1830.00;1.32;0
73;air_base;1085.00;11.10;1830.00;3.98;0
73;bunker;1058.00;11.57;1828.00;1.82;0
73;anti_air_building;1068.00;11.23;1847.00;3.38;0
73;anti_air_building;1073.00;11.18;1848.00;6.04;0
73;anti_air_building;1080.00;11.10;1843.00;2.43;0
73;synthetic_refinery;1068.00;11.10;1844.00;5.45;0
73;radar_station;1064.00;11.18;1835.00;0.37;0
73;rocket_site;1071.00;11.05;1841.00;4.49;0
73;nuclear_reactor;1083.00;11.07;1832.00;0.87;0
74;arms_factory;995.00;11.45;1967.00;3.22;0
74;arms_factory;997.00;10.48;1959.00;4.42;0
74;arms_factory;1021.00;10.80;1974.00;2.26;0
74;arms_factory;1054.00;10.10;1946.00;4.93;0
74;arms_factory;980.00;11.20;1939.00;0.21;0
74;arms_factory;1009.00;11.35;1932.00;2.87;0
74;industrial_complex;980.00;10.00;1985.00;0.71;0
74;industrial_complex;1002.00;10.18;1976.00;1.92;0
74;industrial_complex;1036.00;10.70;1970.00;4.93;0
74;industrial_complex;1009.00;10.30;1962.00;1.32;0
74;industrial_complex;969.00;10.53;1935.00;3.98;0
74;industrial_complex;1056.00;10.13;1949.00;1.82;0
74;air_base;998.00;12.32;1942.00;3.38;0
74;bunker;1020.00;10.80;1972.00;6.04;0
74;anti_air_building;987.00;9.50;1993.00;2.43;0
74;anti_air_building;1058.00;10.10;1958.00;5.45;0
74;anti_air_building;1014.00;12.15;1951.00;0.37;0
74;synthetic_refinery;1012.00;12.35;1946.00;4.49;0
74;radar_station;1035.00;10.70;1938.00;0.87;0
74;rocket_site;985.00;10.90;1927.00;3.89;0
74;nuclear_reactor;1027.00;10.18;1984.00;5.10;0
75;arms_factory;945.00;10.75;2037.00;2.26;0
75;arms_factory;989.00;10.55;2044.00;4.93;0
75;arms_factory;1003.00;10.48;2014.00;0.21;0
75;arms_factory;979.00;10.78;2030.00;2.87;0
75;arms_factory;952.00;10.10;1999.00;0.71;0
75;arms_factory;1006.00;10.20;2019.00;1.92;0
75;industrial_complex;937.00;10.88;2036.00;4.93;0
75;industrial_complex;907.00;10.45;2007.00;1.32;0
75;industrial_complex;883.00;10.32;2014.00;3.98;0
75;industrial_complex;989.00;10.60;2041.00;1.82;0
75;industrial_complex;911.00;10.63;2012.00;3.38;0
75;industrial_complex;886.00;10.45;2019.00;6.04;0
75;air_base;947.00;9.90;1992.00;2.43;0
75;bunker;978.00;10.00;2005.00;5.45;0
75;anti_air_building;918.00;10.50;2024.00;0.37;0
75;anti_air_building;985.00;10.57;2040.00;4.49;0
75;anti_air_building;920.00;11.03;2011.00;0.87;0
75;synthetic_refinery;984.00;10.70;2029.00;3.89;0
75;radar_station;908.00;10.40;2046.00;5.10;0
75;rocket_site;905.00;10.65;2016.00;2.94;0
75;nuclear_reactor;913.00;10.50;2023.00;0.78;0
76;arms_factory;1073.00;11.38;2040.00;0.21;0
76;arms_factory;1015.00;10.82;2040.00;2.87;0
76;arms_factory;1004.00;9.95;2029.00;0.71;0
76;arms_factory;1097.00;11.35;2043.00;1.92;0
76;arms_factory;1038.00;11.00;2043.00;4.93;0
76;arms_factory;1076.00;10.43;2033.00;1.32;0
76;industrial_complex;1044.00;10.70;2020.00;3.98;0
76;industrial_complex;1057.00;10.45;2046.00;1.82;0
76;industrial_complex;1011.00;10.78;2037.00;3.38;0
76;industrial_complex;1035.00;10.90;2027.00;6.04;0
76;industrial_complex;1026.00;10.40;2022.00;2.43;0
76;industrial_complex;1047.00;11.30;2042.00;5.45;0
76;air_base;1053.00;11.05;2032.00;0.37;0
76;bunker;1100.00;9.75;2031.00;4.49;0
76;anti_air_building;1066.00;10.78;2045.00;0.87;0
76;anti_air_building;1014.00;10.80;2036.00;3.89;0
76;anti_air_building;1067.00;11.40;2035.00;5.10;0
76;synthetic_refinery;1056.00;10.75;2019.00;2.94;0
76;radar_station;1054.00;11.30;2041.00;0.78;0
76;rocket_site;1107.00;11.00;2038.00;0.88;0
76;nuclear_reactor;1095.00;9.90;2026.00;5.00;0
77;arms_factory;1036.00;9.95;1994.00;0.71;0
77;arms_factory;1094.00;9.80;2022.00;1.92;0
77;arms_factory;1104.00;11.20;1974.00;4.93;0
77;arms_factory;1104.00;11.30;1988.00;1.32;0
77;arms_factory;1058.00;10.55;1970.00;3.98;0
77;arms_factory;1057.00;10.57;1969.00;1.82;0
77;industrial_complex;1107.00;11.30;1983.00;3.38;0
77;industrial_complex;1084.00;10.60;1963.00;6.04;0
77;industrial_complex;1070.00;10.40;1962.00;2.43;0
77;industrial_complex;1067.00;10.80;2000.00;5.45;0
77;industrial_complex;1087.00;10.28;1953.00;0.37;0
77;industrial_complex;1062.00;10.63;1980.00;4.49;0
77;air_base;1044.00;10.20;1994.00;0.87;0
77;bunker;1061.00;9.60;1936.00;3.89;0
77;anti_air_building;1051.00;10.60;1975.00;5.10;0
77;anti_air_building;1045.00;10.70;1989.00;2.94;0
77;anti_air_building;1066.00;10.70;1970.00;0.78;0
77;synthetic_refinery;1065.00;10.65;1969.00;0.88;0
77;radar_station;1047.00;10.70;1984.00;5.00;0
77;rocket_site;1092.00;10.70;1963.00;1.38;0
77;nuclear_reactor;1078.00;10.45;1962.00;4.05;0
78;arms_factory;923.00;11.25;1946.00;4.93;0
78;arms_factory;900.00;10.50;1942.00;1.32;0
78;arms_factory;939.00;10.95;1961.00;3.98;0
78;arms_factory;937.00;10.40;1937.00;1.82;0
78;arms_factory;887.00;10.70;1929.00;3.38;0
78;arms_factory;934.00;10.85;1953.00;6.04;0
78;industrial_complex;936.00;10.13;1987.00;2.43;0
78;industrial_complex;944.00;11.05;1949.00;5.45;0
78;industrial_complex;930.00;10.75;1945.00;0.37;0
78;industrial_complex;956.00;10.65;1945.00;4.49;0
78;industrial_complex;926.00;10.95;1941.00;0.87;0
78;industrial_complex;921.00;10.70;1936.00;3.89;0
78;air_base;886.00;10.38;1937.00;5.10;0
78;bunker;892.00;10.78;1925.00;2.94;0
78;anti_air_building;883.00;10.55;1953.00;0.78;0
78;anti_air_building;939.00;10.15;1986.00;0.88;0
78;anti_air_building;888.00;11.43;1981.00;5.00;0
78;synthetic_refinery;880.00;10.40;1945.00;1.38;0
78;radar_station;911.00;12.28;1976.00;4.05;0
78;rocket_site;949.00;10.43;1940.00;5.61;0
78;nuclear_reactor;936.00;10.40;1935.00;3.45;0